nan	0.000000
nan	0.000071
nan	0.153477
nan	0.153618
nan	0.276710
nan	0.276851
nan	0.284907
nan	0.285048
nan	0.305399
nan	0.305540
nan	0.342778
nan	0.342920
nan	0.393725
nan	0.393867
nan	0.403901
nan	0.404042
nan	0.438525
nan	0.438666
nan	0.439938
nan	0.440079
nan	0.460642
nan	0.460783
nan	0.474562
nan	0.474703
nan	0.495760
nan	0.495902
nan	0.496679
nan	0.496820
nan	0.503886
nan	0.504028
nan	0.509539
nan	0.509681
nan	0.513214
nan	0.513355
nan	0.514627
nan	0.514768
nan	0.541478
nan	0.541620
nan	0.546990
nan	0.547131
nan	0.552007
nan	0.552148
nan	0.560133
nan	0.560274
nan	0.582038
nan	0.582179
nan	0.601258
nan	0.601399
nan	0.601470
nan	0.601611
nan	0.607688
nan	0.607829
nan	0.611221
nan	0.611362
nan	0.612493
nan	0.612776
nan	0.621820
nan	0.621962
nan	0.623021
nan	0.623163
nan	0.632985
nan	0.633126
nan	0.633197
nan	0.633338
nan	0.635599
nan	0.635741
nan	0.651710
nan	0.651851
nan	0.664570
nan	0.664712
nan	0.668598
nan	0.668739
nan	0.669729
nan	0.669870
nan	0.675240
nan	0.675382
nan	0.680187
nan	0.680328
nan	0.681176
nan	0.681317
nan	0.692976
nan	0.693118
nan	0.710076
nan	0.710218
nan	0.712691
nan	0.712832
nan	0.723502
nan	0.723643
nan	0.745407
nan	0.745548
nan	0.745831
nan	0.745972
nan	0.750071
nan	0.750212
nan	0.751979
nan	0.752120
nan	0.752402
nan	0.752544
nan	0.759539
nan	0.759681
nan	0.760811
nan	0.760953
nan	0.763214
nan	0.763355
nan	0.772965
nan	0.773106
nan	0.776993
nan	0.777134
nan	0.778830
nan	0.778971
nan	0.787380
nan	0.787521
nan	0.791902
nan	0.792044
nan	0.794729
nan	0.794870
nan	0.799110
nan	0.799251
nan	0.809921
nan	0.810062
nan	0.818542
nan	0.818683
nan	0.822075
nan	0.822216
nan	0.828929
nan	0.829070
nan	0.847442
nan	0.847583
nan	0.847937
nan	0.848078
nan	0.854014
nan	0.854155
nan	0.860020
nan	0.860161
nan	0.860726
nan	0.860868
nan	0.864754
nan	0.864895
nan	0.867651
nan	0.867793
nan	0.873021
nan	0.873163
nan	0.879593
nan	0.879734
nan	0.880865
nan	0.881006
nan	0.883833
nan	0.883974
nan	0.889627
nan	0.889768
nan	0.892453
nan	0.892595
nan	0.897541
nan	0.897682
nan	0.907434
nan	0.907575
nan	0.909059
nan	0.909200
nan	0.913157
nan	0.913298
nan	0.916832
nan	0.916973
nan	0.924816
nan	0.924958
nan	0.926936
nan	0.927077
nan	0.928279
nan	0.928420
nan	0.928632
nan	0.928773
nan	0.930469
nan	0.930611
nan	0.948347
nan	0.948629
nan	0.950184
nan	0.950325
nan	0.951809
nan	0.951950
nan	0.967425
nan	0.967566
nan	0.977176
nan	0.977459
nan	0.979932
nan	0.980073
nan	0.988412
nan	0.988553
nan	1.000000
