0.000000	nan
0.000071	nan
0.008197	nan
0.008338	nan
0.191704	nan
0.191846	nan
0.343697	nan
0.343838	nan
0.379805	nan
0.379946	nan
0.512578	nan
0.512719	nan
0.581897	nan
0.582038	nan
0.589457	nan
0.589599	nan
0.590023	nan
0.590164	nan
0.604579	nan
0.604720	nan
0.737917	nan
0.738058	nan
0.773036	nan
0.773177	nan
0.811546	nan
0.811687	nan
0.818047	nan
0.818188	nan
0.837620	nan
0.837761	nan
0.854508	nan
0.854650	nan
0.894856	nan
0.894997	nan
0.897188	nan
0.897329	nan
0.913157	nan
0.913298	nan
0.933154	nan
0.933296	nan
0.939302	nan
0.939443	nan
0.949406	nan
0.949548	nan
0.969686	nan
0.969828	nan
0.987069	nan
0.987210	nan
1.000000	nan
