0.000000	nan
0.000071	nan
0.483183	nan
0.483324	nan
0.565079	nan
0.565220	nan
0.582956	nan
0.583098	nan
0.593202	nan
0.593344	nan
0.618146	nan
0.618287	nan
0.663864	nan
0.664005	nan
0.684073	nan
0.684214	nan
0.713680	nan
0.713821	nan
0.719686	nan
0.719828	nan
0.725269	nan
0.725410	nan
0.735232	nan
0.735373	nan
0.738977	nan
0.739118	nan
0.777275	nan
0.777417	nan
0.807165	nan
0.807306	nan
0.814161	nan
0.814302	nan
0.819036	nan
0.819178	nan
0.845817	nan
0.845958	nan
0.857971	nan
0.858112	nan
0.859454	nan
0.859596	nan
0.915348	nan
0.915489	nan
0.921283	nan
0.921425	nan
0.922202	nan
0.922343	nan
0.932448	nan
0.932589	nan
0.941422	nan
0.941563	nan
0.947711	nan
0.947852	nan
0.957391	nan
0.957533	nan
0.961914	nan
0.962055	nan
0.977106	nan
0.977247	nan
1.000000	nan
