0.000000	nan
0.000071	nan
0.195237	nan
0.195379	nan
0.293245	nan
0.293386	nan
0.307306	nan
0.307448	nan
0.358112	nan
0.358253	nan
0.402275	nan
0.402417	nan
0.487422	nan
0.487564	nan
0.585218	nan
0.585359	nan
0.592425	nan
0.592566	nan
0.602459	nan
0.602600	nan
0.603024	nan
0.603166	nan
0.603802	nan
0.603943	nan
0.620054	nan
0.620195	nan
0.625424	nan
0.625565	nan
0.640546	nan
0.640687	nan
0.642383	nan
0.642524	nan
0.647965	nan
0.648106	nan
0.648318	nan
0.648460	nan
0.658282	nan
0.658423	nan
0.670435	nan
0.670577	nan
0.679339	nan
0.679480	nan
0.697287	nan
0.697428	nan
0.700396	nan
0.700537	nan
0.705907	nan
0.706049	nan
0.718485	nan
0.718626	nan
0.723926	nan
0.724067	nan
0.731911	nan
0.732052	nan
0.732759	nan
0.732900	nan
0.732971	nan
0.733112	nan
0.738836	nan
0.738977	nan
0.745902	nan
0.746043	nan
0.773672	nan
0.773813	nan
0.778053	nan
0.778194	nan
0.780172	nan
0.780314	nan
0.801018	nan
0.801159	nan
0.802431	nan
0.802572	nan
0.803208	nan
0.803349	nan
0.822852	nan
0.822993	nan
0.824124	nan
0.824265	nan
0.825678	nan
0.825820	nan
0.828929	nan
0.829070	nan
0.836984	nan
0.837125	nan
0.840941	nan
0.841083	nan
0.846170	nan
0.846311	nan
0.849279	nan
0.849421	nan
0.872809	nan
0.872951	nan
0.873657	nan
0.873799	nan
0.875636	nan
0.875777	nan
0.877968	nan
0.878109	nan
0.888708	nan
0.888850	nan
0.891393	nan
0.891535	nan
0.906232	nan
0.906374	nan
0.922272	nan
0.922414	nan
0.929056	nan
0.929197	nan
0.931741	nan
0.931882	nan
0.937323	nan
0.937465	nan
0.948559	nan
0.948700	nan
0.980921	nan
0.981063	nan
0.987988	nan
0.988129	nan
1.000000	nan
