0.000000	nan
0.000071	nan
0.206614	nan
0.206755	nan
0.400014	nan
0.400155	nan
0.433649	nan
0.433790	nan
0.457674	nan
0.457815	nan
0.469616	nan
0.469757	nan
0.471382	nan
0.471523	nan
0.487352	nan
0.487493	nan
0.505865	nan
0.506006	nan
0.510882	nan
0.511023	nan
0.538793	nan
0.538934	nan
0.561193	nan
0.561334	nan
0.581614	nan
0.581755	nan
0.584652	nan
0.584794	nan
0.584864	nan
0.585006	nan
0.644291	nan
0.644432	nan
0.645986	nan
0.646128	nan
0.658988	nan
0.659129	nan
0.677148	nan
0.677289	nan
0.690291	nan
0.690432	nan
0.696863	nan
0.697004	nan
0.710076	nan
0.710218	nan
0.719121	nan
0.719262	nan
0.746962	nan
0.747103	nan
0.770421	nan
0.770562	nan
0.772046	nan
0.772188	nan
0.773389	nan
0.773530	nan
0.776003	nan
0.776145	nan
0.779183	nan
0.779324	nan
0.788510	nan
0.788652	nan
0.792397	nan
0.792538	nan
0.803137	nan
0.803279	nan
0.807024	nan
0.807165	nan
0.807942	nan
0.808084	nan
0.814655	nan
0.814796	nan
0.817058	nan
0.817199	nan
0.828222	nan
0.828363	nan
0.830907	nan
0.831049	nan
0.867298	nan
0.867439	nan
0.873657	nan
0.873799	nan
0.873940	nan
0.874081	nan
0.904466	nan
0.904607	nan
0.907575	nan
0.907716	nan
0.911956	nan
0.912097	nan
0.924604	nan
0.924746	nan
0.929833	nan
0.929975	nan
0.930611	nan
0.930752	nan
0.931741	nan
0.931882	nan
0.935557	nan
0.935698	nan
0.936051	nan
0.936193	nan
0.937606	nan
0.937747	nan
0.958027	nan
0.958168	nan
0.972230	nan
0.972371	nan
0.978872	nan
0.979014	nan
0.984243	nan
0.984384	nan
0.985868	nan
0.986009	nan
1.000000	nan
