0.000000	nan
0.000071	nan
0.336136	nan
0.336278	nan
0.355356	nan
0.355497	nan
0.418810	nan
0.418951	nan
0.425735	nan
0.425876	nan
0.487210	nan
0.487352	nan
0.498233	nan
0.498375	nan
0.519432	nan
0.519573	nan
0.563525	nan
0.563666	nan
0.583875	nan
0.584016	nan
0.585288	nan
0.585430	nan
0.654536	nan
0.654678	nan
0.702798	nan
0.702940	nan
0.708522	nan
0.708663	nan
0.714881	nan
0.715023	nan
0.728731	nan
0.728872	nan
0.746114	nan
0.746255	nan
0.770916	nan
0.771057	nan
0.784553	nan
0.784695	nan
0.812818	nan
0.812959	nan
0.813101	nan
0.813242	nan
0.814655	nan
0.814796	nan
0.840588	nan
0.840729	nan
0.855992	nan
0.856133	nan
0.860797	nan
0.860938	nan
0.862140	nan
0.862281	nan
0.863624	nan
0.863765	nan
0.878957	nan
0.879098	nan
0.880794	nan
0.880936	nan
0.895774	nan
0.895916	nan
0.896340	nan
0.896481	nan
0.939514	nan
0.939655	nan
0.947287	nan
0.947569	nan
0.953010	nan
0.953151	nan
1.000000	nan
