test_0x0634B8A1757D7C3C5FE63AEB879A54A2895F71EAE25FF56679FC19B55C1159C5_1x756FMAFASP_00000100000	true_label: [0.0, 0.0, 0.0, 0.0, 1.0, 0.0, 0.0, 0.0, 0.0, 0.0]	Percent_Selected: 0.056122	0.005102	0.358844	0.000000	0.000000	0.005102	0.025510	0.000000	0.122449	0.426871	Average_Probability: 0.219052	0.054619	0.471889	0.044446	0.030070	0.061851	0.306219	0.172428	0.143918	0.544185	tiles#: 588.000000	
test_0x6CC562BADD9D24BF49AB6DC704543DBE516BA399F11EB5250FCA3CF5E23FC4E9_1xGIIEZ1XEAJ_00000100000	true_label: [0.0, 0.0, 0.0, 0.0, 1.0, 0.0, 0.0, 0.0, 0.0, 0.0]	Percent_Selected: 0.031250	0.062500	0.375000	0.000000	0.000000	0.093750	0.000000	0.000000	0.000000	0.437500	Average_Probability: 0.138442	0.136141	0.432022	0.076057	0.030438	0.367946	0.437093	0.166132	0.067525	0.592492	tiles#: 32.000000	
test_0x8A97E25C3BA9D3E87EB0DE94127FDDE3AF06C4ACA38DB3B51BED41EE6DA85503_1xKYDCZN2MW4_00000100000	true_label: [0.0, 0.0, 0.0, 0.0, 1.0, 0.0, 0.0, 0.0, 0.0, 0.0]	Percent_Selected: 0.200000	0.100000	0.100000	0.000000	0.000000	0.000000	0.000000	0.000000	0.000000	0.600000	Average_Probability: 0.295982	0.218711	0.329130	0.090628	0.040764	0.277500	0.217653	0.056945	0.064792	0.519903	tiles#: 10.000000	
test_0x06E1863BA7D14243658B206950527C2A8544E5FA21D8AA7950F31C445710653F_1xYMO0NMUYS9_00000100000	true_label: [0.0, 0.0, 0.0, 0.0, 1.0, 0.0, 0.0, 0.0, 0.0, 0.0]	Percent_Selected: 0.039216	0.058824	0.039216	0.019608	0.019608	0.039216	0.039216	0.000000	0.098039	0.647059	Average_Probability: 0.061891	0.191101	0.305025	0.144854	0.141216	0.148430	0.089662	0.072214	0.166516	0.523957	tiles#: 51.000000	
test_0xAB818CC3AC39D2A23FE905F66B22A1E7701545831ABF7BDD66B5FDEF2A00B667_1xTQAGUIT57A_00000100000	true_label: [0.0, 0.0, 0.0, 0.0, 1.0, 0.0, 0.0, 0.0, 0.0, 0.0]	Percent_Selected: 0.000000	0.000000	0.000000	0.000000	0.018182	0.000000	0.581818	0.000000	0.036364	0.363636	Average_Probability: 0.104182	0.017124	0.024723	0.027910	0.160724	0.023132	0.616075	0.008328	0.115366	0.512552	tiles#: 55.000000	
test_0x8DE634CA84694E4BEE096FDEEC4EF0DB336EF647C96DC147ED3BA93CD5555EE9_1xB6XAE0AOMU_00000100000	true_label: [0.0, 0.0, 0.0, 0.0, 1.0, 0.0, 0.0, 0.0, 0.0, 0.0]	Percent_Selected: 0.138532	0.001835	0.170642	0.001835	0.000000	0.008257	0.002752	0.000000	0.090826	0.585321	Average_Probability: 0.351520	0.044849	0.368604	0.031957	0.026085	0.049231	0.127961	0.088966	0.111184	0.635197	tiles#: 1090.000000	
test_0x8FA5A2A0767483518C2AFB3E8C871DB2F698CD1E2F36EBCB7A1391666DB52920_1xIQAZN77HG3_00000100000	true_label: [0.0, 0.0, 0.0, 0.0, 1.0, 0.0, 0.0, 0.0, 0.0, 0.0]	Percent_Selected: 0.000000	0.181818	0.000000	0.000000	0.000000	0.181818	0.090909	0.000000	0.363636	0.181818	Average_Probability: 0.054649	0.197024	0.179538	0.112862	0.069564	0.187730	0.144264	0.008747	0.285826	0.146549	tiles#: 11.000000	
test_0xC96F55828C528013AE68AD97F3F71F24C3257809965C4CC5BF4190CEF5D72945_1xGG8LZPXHJN_00000100000	true_label: [0.0, 0.0, 0.0, 0.0, 1.0, 0.0, 0.0, 0.0, 0.0, 0.0]	Percent_Selected: 0.000000	0.000000	0.100000	0.000000	0.150000	0.200000	0.050000	0.000000	0.000000	0.500000	Average_Probability: 0.053593	0.135353	0.201711	0.081098	0.340987	0.288385	0.210983	0.208266	0.039337	0.633285	tiles#: 20.000000	
test_0x818AB68A434C9C830421B4F7015AF3BAF10645F7A04D880D0AEB47C0B67D649D_1xT6X8WSS2LU_00000100000	true_label: [0.0, 0.0, 0.0, 0.0, 1.0, 0.0, 0.0, 0.0, 0.0, 0.0]	Percent_Selected: 0.250000	0.000000	0.000000	0.000000	0.000000	0.083333	0.000000	0.000000	0.250000	0.416667	Average_Probability: 0.469190	0.065675	0.104463	0.115822	0.125990	0.091963	0.102146	0.011546	0.230428	0.599313	tiles#: 12.000000	
test_0x008AA255A3EF6E54E308C9B6728F9D7D60D71428A2DDD339DD6A7956DFB73B90_1x7HNHG5JNCA_00000100000	true_label: [0.0, 0.0, 0.0, 0.0, 1.0, 0.0, 0.0, 0.0, 0.0, 0.0]	Percent_Selected: 0.000000	0.000000	0.000000	0.000000	0.000000	0.000000	0.500000	0.000000	0.000000	0.500000	Average_Probability: 0.029390	0.038051	0.805310	0.016067	0.004754	0.010954	0.823829	0.429825	0.070212	0.793833	tiles#: 2.000000	
test_0x34902BD1BDF58F9054D3396187643118226AC0C82BBE2B37DD5BBA94A1858546_1xWXE0RYSD9S_00000100000	true_label: [0.0, 0.0, 0.0, 0.0, 1.0, 0.0, 0.0, 0.0, 0.0, 0.0]	Percent_Selected: 0.000000	0.091228	0.119298	0.010526	0.098246	0.168421	0.028070	0.000000	0.126316	0.357895	Average_Probability: 0.033007	0.385100	0.281569	0.278015	0.204198	0.446330	0.171652	0.254725	0.221952	0.472500	tiles#: 285.000000	
test_0x85CD87ABAD82A63D9BDF1BEF37B7D0339C4592F7E21BF4F649F2A8E35203C1CA_1xGFHOSSGNEA_00000100000	true_label: [0.0, 0.0, 0.0, 0.0, 1.0, 0.0, 0.0, 0.0, 0.0, 0.0]	Percent_Selected: 0.004566	0.000000	0.410959	0.004566	0.000000	0.027397	0.086758	0.018265	0.063927	0.383562	Average_Probability: 0.082051	0.040697	0.683104	0.068391	0.034630	0.070059	0.586635	0.441839	0.109063	0.742299	tiles#: 219.000000	
test_0xC198F1F35712642B31274D2A76E7CD4F1C0774CE7BA45CFB78EF411A8F8A72D1_1xDQ5Z9CJUCR_00000100000	true_label: [0.0, 0.0, 0.0, 0.0, 1.0, 0.0, 0.0, 0.0, 0.0, 0.0]	Percent_Selected: 0.038111	0.001138	0.150739	0.002844	0.002275	0.009670	0.001706	0.000000	0.053470	0.740046	Average_Probability: 0.157029	0.024578	0.340982	0.032033	0.015296	0.037142	0.170531	0.155695	0.081691	0.690220	tiles#: 1758.000000	
test_0xE901AA6F630AEF57B94CDDFC062833658F60C140878C85CA4ABCB14FCDF57C07_1x2RWYNYFB97_00000100000	true_label: [0.0, 0.0, 0.0, 0.0, 1.0, 0.0, 0.0, 0.0, 0.0, 0.0]	Percent_Selected: 0.045662	0.009132	0.187215	0.009132	0.009132	0.022831	0.018265	0.000000	0.205479	0.493151	Average_Probability: 0.185844	0.033394	0.352756	0.052740	0.103858	0.081380	0.184482	0.137602	0.231270	0.580455	tiles#: 219.000000	
test_0x5E3F447D440832B274C4A0A9D9B7D788E9F2340A870F96DE28BBF20F437F0B80_1xD8YVT5L9Z3_00000100000	true_label: [0.0, 0.0, 0.0, 0.0, 1.0, 0.0, 0.0, 0.0, 0.0, 0.0]	Percent_Selected: 0.000000	0.000000	0.289474	0.000000	0.000000	0.000000	0.000000	0.000000	0.000000	0.710526	Average_Probability: 0.014689	0.027251	0.648778	0.032280	0.029616	0.107783	0.050916	0.021568	0.042982	0.841801	tiles#: 38.000000	
test_0x5BBA944BAB4396782AC7C9FBAA9B82781A42641C1946B5147DBF62FE50234968_1xA02MQ2IWO2_00000100000	true_label: [0.0, 0.0, 0.0, 0.0, 1.0, 0.0, 0.0, 0.0, 0.0, 0.0]	Percent_Selected: 0.000000	0.000000	0.000000	0.000000	1.000000	0.000000	0.000000	0.000000	0.000000	0.000000	Average_Probability: 0.006244	0.015434	0.179946	0.032875	0.492717	0.126904	0.001060	0.032100	0.132597	0.448596	tiles#: 1.000000	
test_0x21A6F7491D367CDAA7FC27EAD748A14E15487F7E3D8C485CCA9B9A49556BC20C_1xPI50U4S2FC_00000100000	true_label: [0.0, 0.0, 0.0, 0.0, 1.0, 0.0, 0.0, 0.0, 0.0, 0.0]	Percent_Selected: 0.003704	0.046914	0.083951	0.014815	0.007407	0.228395	0.090123	0.000000	0.011111	0.513580	Average_Probability: 0.026755	0.211638	0.288783	0.077662	0.169923	0.393541	0.165336	0.136882	0.051769	0.558215	tiles#: 810.000000	
test_0xEF244FA6C07886E1CD0A4E29FDFAB75315ED520CD5B71D09DE0CFEE6BD96EE7F_1x7L1JNDGFK6_00000100000	true_label: [0.0, 0.0, 0.0, 0.0, 1.0, 0.0, 0.0, 0.0, 0.0, 0.0]	Percent_Selected: 0.000000	0.076923	0.000000	0.000000	0.000000	0.000000	0.076923	0.076923	0.384615	0.384615	Average_Probability: 0.076729	0.148836	0.277243	0.160915	0.090898	0.114709	0.270291	0.124304	0.356619	0.411756	tiles#: 13.000000	
test_0x2CEF25381882AF9F2B34A87AA90F6291EAD1EB2DEE4DB3298B92F00930111B13_1xQM14E3QW1P_00000100000	true_label: [0.0, 0.0, 0.0, 0.0, 1.0, 0.0, 0.0, 0.0, 0.0, 0.0]	Percent_Selected: 0.000000	0.117647	0.058824	0.000000	0.000000	0.411765	0.000000	0.000000	0.058824	0.352941	Average_Probability: 0.154761	0.227858	0.300222	0.034781	0.114363	0.471364	0.087588	0.050052	0.154868	0.330984	tiles#: 17.000000	
test_0x187D81EF2AFF389B6A7FA01417F4193787E60CF0D20553E080EDBC6C3F2E1526_1x28DM7JMW5D_00000100000	true_label: [0.0, 0.0, 0.0, 0.0, 1.0, 0.0, 0.0, 0.0, 0.0, 0.0]	Percent_Selected: 0.000000	0.000000	0.000000	0.087719	0.017544	0.017544	0.000000	0.000000	0.298246	0.578947	Average_Probability: 0.006027	0.018765	0.052423	0.163657	0.152923	0.038276	0.048568	0.020374	0.289079	0.516436	tiles#: 57.000000	
test_0x881AFCE8E395992DD4ADFF83954E41556ECC225ADB91D08DD963609B3966A9A1_1xBCO5F0WDFO_00000100000	true_label: [0.0, 0.0, 0.0, 0.0, 1.0, 0.0, 0.0, 0.0, 0.0, 0.0]	Percent_Selected: 0.000000	0.000000	0.000000	0.000000	0.000000	0.000000	0.405405	0.000000	0.000000	0.594595	Average_Probability: 0.020884	0.080844	0.032207	0.125620	0.012683	0.788836	0.810039	0.097766	0.021655	0.876260	tiles#: 37.000000	
test_0x8C71CE45AADB43AEE524C31D7688B4E46E60A88227CA8AB39ABD995D3CB6AAFE_1xF3MOJWASGU_00000100000	true_label: [0.0, 0.0, 0.0, 0.0, 1.0, 0.0, 0.0, 0.0, 0.0, 0.0]	Percent_Selected: 0.000000	0.000000	0.250000	0.000000	0.000000	0.500000	0.000000	0.000000	0.000000	0.250000	Average_Probability: 0.155500	0.044794	0.236587	0.044607	0.048368	0.577056	0.057663	0.051208	0.089022	0.388897	tiles#: 4.000000	
test_0x29A1642A71E1235D02DB1D071DBC8FFD5BB66DC385DCE526996E02570ED7EC55_1xTCT0EFWEBA_00000100000	true_label: [0.0, 0.0, 0.0, 0.0, 1.0, 0.0, 0.0, 0.0, 0.0, 0.0]	Percent_Selected: 0.210526	0.000000	0.000000	0.000000	0.000000	0.052632	0.105263	0.000000	0.315789	0.315789	Average_Probability: 0.173509	0.084741	0.058679	0.050057	0.213596	0.125748	0.175623	0.041484	0.362966	0.313745	tiles#: 19.000000	
test_0x37168DF6208D94581D824B958DAAB21636B0C1D67FC08A641E51D68953A35EF7_1xFSC1G7HYBT_00000100000	true_label: [0.0, 0.0, 0.0, 0.0, 1.0, 0.0, 0.0, 0.0, 0.0, 0.0]	Percent_Selected: 0.036258	0.002175	0.356055	0.000000	0.002175	0.005801	0.015228	0.006526	0.039884	0.535896	Average_Probability: 0.167814	0.027187	0.518952	0.033395	0.017595	0.039834	0.314186	0.294742	0.063434	0.716026	tiles#: 1379.000000	
test_0xF207C1FE18C2B10C7DBD5DA8341F519949D5241ADE89BBB01DE7A005581808D0_1xUNTWOBNTVD_00000100000	true_label: [0.0, 0.0, 0.0, 0.0, 1.0, 0.0, 0.0, 0.0, 0.0, 0.0]	Percent_Selected: 0.000000	0.117647	0.352941	0.000000	0.000000	0.117647	0.058824	0.000000	0.294118	0.058824	Average_Probability: 0.130278	0.400928	0.433685	0.055359	0.039866	0.336890	0.086194	0.015369	0.310834	0.134987	tiles#: 17.000000	
test_0x558D387AC34E6CA7FA0836DACA2A4A449B4B19C95FCA80D139189BD8D10591AE_1x0S93L6T7MW_00000100000	true_label: [0.0, 0.0, 0.0, 0.0, 1.0, 0.0, 0.0, 0.0, 0.0, 0.0]	Percent_Selected: 0.000000	0.000000	0.000000	0.000000	0.000000	0.166667	0.000000	0.166667	0.000000	0.666667	Average_Probability: 0.006407	0.021103	0.095103	0.021933	0.532621	0.580467	0.010589	0.499990	0.013406	0.796234	tiles#: 6.000000	
test_0x9B20B10D45B992E6F5E3991FA2C4C153F8E0E024712E48DA35E9C09D3570A085_1xMGU3AGFZNO_00000100000	true_label: [0.0, 0.0, 0.0, 0.0, 1.0, 0.0, 0.0, 0.0, 0.0, 0.0]	Percent_Selected: 0.260870	0.000000	0.173913	0.043478	0.000000	0.130435	0.043478	0.000000	0.086957	0.260870	Average_Probability: 0.306029	0.022364	0.423485	0.127453	0.086867	0.226041	0.237138	0.124073	0.159343	0.555873	tiles#: 23.000000	
test_0x118694FA9D4976B8EC83D898525411B375D72FDD6AECA9A5F8685574F3F8C96F_1xEDGFGB5Y5X_00000100000	true_label: [0.0, 0.0, 0.0, 0.0, 1.0, 0.0, 0.0, 0.0, 0.0, 0.0]	Percent_Selected: 0.000000	0.000000	0.000000	0.000000	0.000000	0.200000	0.200000	0.000000	0.000000	0.600000	Average_Probability: 0.158091	0.175214	0.269785	0.117343	0.022644	0.240018	0.303862	0.144140	0.131533	0.587321	tiles#: 5.000000	
test_0x598D1F9B0729DACA580C8D3AEB159C6617958450F2E573E6C2120AB4D6356729_1x1YAFPJWT8T_00000100000	true_label: [0.0, 0.0, 0.0, 0.0, 1.0, 0.0, 0.0, 0.0, 0.0, 0.0]	Percent_Selected: 0.333333	0.000000	0.000000	0.000000	0.000000	0.000000	0.000000	0.000000	0.666667	0.000000	Average_Probability: 0.269673	0.038950	0.132732	0.336324	0.063974	0.078056	0.183792	0.032064	0.467768	0.241961	tiles#: 3.000000	
test_0x1D8CD4C30320BE20EA86D8ED0B45F2DE0BBDF97E24E20E39CA29663D3A306B0B_1x2ZBM7BIOHM_00000100000	true_label: [0.0, 0.0, 0.0, 0.0, 1.0, 0.0, 0.0, 0.0, 0.0, 0.0]	Percent_Selected: 0.000000	0.000000	0.000000	0.000000	0.000000	0.000000	0.000000	0.000000	0.333333	0.666667	Average_Probability: 0.029347	0.132119	0.145582	0.174318	0.270033	0.167381	0.145517	0.012605	0.321747	0.429861	tiles#: 3.000000	
test_0xDC4522BBA2733CA892FF09D3F4D3B5C33E67CEADD948DA5D0C37E8A0709F3E84_1x0MMM41A188_00000100000	true_label: [0.0, 0.0, 0.0, 0.0, 1.0, 0.0, 0.0, 0.0, 0.0, 0.0]	Percent_Selected: 0.000000	0.200000	0.000000	0.100000	0.000000	0.150000	0.050000	0.000000	0.050000	0.450000	Average_Probability: 0.047517	0.216302	0.177364	0.130507	0.044558	0.175481	0.279327	0.073609	0.144983	0.460217	tiles#: 20.000000	
test_0x9264207C4B90D8C2779A8D7F41A338F524C0449340C001D7EDFDD10E24D0B288_1x37TH7GNEG0_00000100000	true_label: [0.0, 0.0, 0.0, 0.0, 1.0, 0.0, 0.0, 0.0, 0.0, 0.0]	Percent_Selected: 0.000000	0.250000	0.000000	0.000000	0.000000	0.000000	0.000000	0.000000	0.000000	0.750000	Average_Probability: 0.154890	0.144143	0.024542	0.041088	0.057181	0.469152	0.558443	0.012231	0.075803	0.772817	tiles#: 4.000000	
test_0x5C6E282CC355929C16694B29A655EB1538C6ECD1DBB3D65BC54D67DA3BDBD6FC_1x927MZXKLXT_00000100000	true_label: [0.0, 0.0, 0.0, 0.0, 1.0, 0.0, 0.0, 0.0, 0.0, 0.0]	Percent_Selected: 0.200000	0.000000	0.000000	0.200000	0.000000	0.000000	0.000000	0.000000	0.000000	0.600000	Average_Probability: 0.392032	0.019526	0.144162	0.192714	0.166860	0.095533	0.033040	0.019486	0.239984	0.616888	tiles#: 5.000000	
test_0x03A102BFFD6D5EE9C626F24A87000D5DFBB6801204F76479577C7C3BE3BC4B63_1x3LV0DZ64QR_00000100000	true_label: [0.0, 0.0, 0.0, 0.0, 1.0, 0.0, 0.0, 0.0, 0.0, 0.0]	Percent_Selected: 0.048940	0.000000	0.413540	0.003263	0.000816	0.015498	0.008972	0.000816	0.026917	0.481240	Average_Probability: 0.156192	0.043215	0.599253	0.033901	0.013661	0.066040	0.360593	0.294527	0.066620	0.685481	tiles#: 1226.000000	
test_0x52F87948E717606CE27671AECCE6C56A99704B9EAA3E4F62B2D7421587C7ABF5_1xZ2P772MO0T_00000100000	true_label: [0.0, 0.0, 0.0, 0.0, 1.0, 0.0, 0.0, 0.0, 0.0, 0.0]	Percent_Selected: 0.078652	0.011236	0.174157	0.000000	0.033708	0.011236	0.005618	0.000000	0.168539	0.516854	Average_Probability: 0.238024	0.045459	0.327895	0.052835	0.055640	0.052824	0.140363	0.112673	0.199337	0.568543	tiles#: 178.000000	
test_0x5C6E282CC355929C16694B29A655EB1538C6ECD1DBB3D65BC54D67DA3BDBD6FC_1xKVYO4AOVJN_00000100000	true_label: [0.0, 0.0, 0.0, 0.0, 1.0, 0.0, 0.0, 0.0, 0.0, 0.0]	Percent_Selected: 0.000000	0.000000	0.000000	0.000000	0.000000	0.000000	0.250000	0.000000	0.000000	0.750000	Average_Probability: 0.040078	0.414721	0.109517	0.349499	0.041872	0.379728	0.419569	0.249134	0.068117	0.600110	tiles#: 4.000000	
test_0x73B386E5F6D90A8A631C7A8234E0D4CA4477EA4A4453E0DAAC3D6B399BAFC547_1xSDYBN8RVMS_00000100000	true_label: [0.0, 0.0, 0.0, 0.0, 1.0, 0.0, 0.0, 0.0, 0.0, 0.0]	Percent_Selected: 0.196402	0.007496	0.164918	0.000000	0.000000	0.000000	0.013493	0.000000	0.146927	0.470765	Average_Probability: 0.304987	0.062410	0.301409	0.020776	0.015896	0.031683	0.172668	0.078394	0.157232	0.503310	tiles#: 667.000000	
test_0x39009BEE80367343A800330A649D36C1A220131A10ADDCA2421BD2D41ADF8979_1xWX910J7KCO_00000100000	true_label: [0.0, 0.0, 0.0, 0.0, 1.0, 0.0, 0.0, 0.0, 0.0, 0.0]	Percent_Selected: 0.227119	0.001130	0.136723	0.000000	0.000000	0.000000	0.031638	0.000000	0.030508	0.572881	Average_Probability: 0.447732	0.038738	0.313703	0.044185	0.031477	0.033300	0.221382	0.074388	0.081912	0.668296	tiles#: 885.000000	
test_0x3B6CA21A5EC6F84023476308A2A22687A4299E9C72D54549EC534C2BC1EE48B3_1x0EAOCKAXW4_00000100000	true_label: [0.0, 0.0, 0.0, 0.0, 1.0, 0.0, 0.0, 0.0, 0.0, 0.0]	Percent_Selected: 0.000000	0.000000	0.000000	0.000000	0.000000	0.125000	0.250000	0.000000	0.000000	0.625000	Average_Probability: 0.099764	0.024461	0.072517	0.058190	0.046423	0.687128	0.561410	0.026719	0.026978	0.736289	tiles#: 8.000000	
test_0x2B6CB0721204AEDB712210A71045A99DD1910741CB5CDA82E7F70838D6848443_1xPDP7E38082_00000100000	true_label: [0.0, 0.0, 0.0, 0.0, 1.0, 0.0, 0.0, 0.0, 0.0, 0.0]	Percent_Selected: 0.288889	0.022222	0.066667	0.155556	0.000000	0.133333	0.066667	0.000000	0.000000	0.266667	Average_Probability: 0.301621	0.077835	0.233090	0.218803	0.020371	0.316044	0.167550	0.050714	0.057014	0.408593	tiles#: 45.000000	
test_0x9B2B10EA76AFC92C69BDAA7403C8F9299B4AB9AA9B071663094DFA76C16546E9_1xXTYL5IPBFC_00000100000	true_label: [0.0, 0.0, 0.0, 0.0, 1.0, 0.0, 0.0, 0.0, 0.0, 0.0]	Percent_Selected: 0.500000	0.000000	0.000000	0.000000	0.000000	0.000000	0.000000	0.000000	0.250000	0.250000	Average_Probability: 0.573703	0.059840	0.052115	0.016111	0.011369	0.008361	0.067012	0.003439	0.272543	0.393690	tiles#: 8.000000	
test_0x6E1A31CED881C2D209F5EFA1CCD24C679C8D87B65D78BFBD20450A1A13F1D114_1xJ9WPJ4R57P_00000100000	true_label: [0.0, 0.0, 0.0, 0.0, 1.0, 0.0, 0.0, 0.0, 0.0, 0.0]	Percent_Selected: 0.555556	0.000000	0.000000	0.000000	0.000000	0.000000	0.000000	0.000000	0.222222	0.222222	Average_Probability: 0.492043	0.017059	0.083334	0.009015	0.020216	0.005150	0.061493	0.005249	0.336790	0.430202	tiles#: 9.000000	
test_0x8C71CE45AADB43AEE524C31D7688B4E46E60A88227CA8AB39ABD995D3CB6AAFE_1xSPA2KQLJMG_00000100000	true_label: [0.0, 0.0, 0.0, 0.0, 1.0, 0.0, 0.0, 0.0, 0.0, 0.0]	Percent_Selected: 0.175000	0.025000	0.175000	0.000000	0.000000	0.175000	0.125000	0.000000	0.000000	0.325000	Average_Probability: 0.160595	0.258365	0.296293	0.035544	0.012608	0.236787	0.188833	0.030164	0.122055	0.371982	tiles#: 40.000000	
test_0x4460C42DD3CAA96A5A4576714BB0895C9894FD30E9760D0DF8B4BD14185B8E5B_1x9WF542ONV7_00000100000	true_label: [0.0, 0.0, 0.0, 0.0, 1.0, 0.0, 0.0, 0.0, 0.0, 0.0]	Percent_Selected: 0.428571	0.000000	0.142857	0.000000	0.000000	0.000000	0.000000	0.000000	0.000000	0.428571	Average_Probability: 0.417582	0.081568	0.411106	0.014522	0.008543	0.136312	0.275880	0.102203	0.101144	0.733569	tiles#: 7.000000	
test_0x854ACDB346FADB69611561009230E5C212ABAC44D1A5A1FD1CB05B1FC4391985_1xTCAUSKSXRE_00000100000	true_label: [0.0, 0.0, 0.0, 0.0, 1.0, 0.0, 0.0, 0.0, 0.0, 0.0]	Percent_Selected: 0.002985	0.010448	0.243284	0.007463	0.026866	0.019403	0.241791	0.000000	0.270149	0.177612	Average_Probability: 0.060423	0.155418	0.256877	0.080026	0.102358	0.174363	0.311564	0.019960	0.299901	0.276560	tiles#: 670.000000	
test_0x1189FCFB129D1CE6D796963329D68DD447F183196B31BC59E569D4BFD720CAD9_1xTQXDLF98NO_00000100000	true_label: [0.0, 0.0, 0.0, 0.0, 1.0, 0.0, 0.0, 0.0, 0.0, 0.0]	Percent_Selected: 0.088664	0.016466	0.262191	0.001900	0.000000	0.005066	0.081064	0.000000	0.117796	0.426852	Average_Probability: 0.196576	0.064375	0.486973	0.040500	0.016829	0.044192	0.395225	0.171426	0.144127	0.576226	tiles#: 1579.000000	
test_0xC96F55828C528013AE68AD97F3F71F24C3257809965C4CC5BF4190CEF5D72945_1xXMA9WFUPI9_00000100000	true_label: [0.0, 0.0, 0.0, 0.0, 1.0, 0.0, 0.0, 0.0, 0.0, 0.0]	Percent_Selected: 0.017699	0.017699	0.017699	0.008850	0.000000	0.035398	0.008850	0.008850	0.017699	0.867257	Average_Probability: 0.096671	0.369503	0.090633	0.358447	0.031992	0.525879	0.325766	0.301730	0.058624	0.754835	tiles#: 113.000000	
test_0x14AD4DD4E61F7FD450FC8108B44E4873316AB6AE41C8D24A5AB9A6FB360EDABF_1xXF9BN6B21F_00000100000	true_label: [0.0, 0.0, 0.0, 0.0, 1.0, 0.0, 0.0, 0.0, 0.0, 0.0]	Percent_Selected: 0.333333	0.000000	0.333333	0.000000	0.000000	0.333333	0.000000	0.000000	0.000000	0.000000	Average_Probability: 0.518437	0.112581	0.285422	0.071352	0.044656	0.232758	0.078802	0.058770	0.117153	0.368416	tiles#: 3.000000	
test_0x61382DE844CBEB5739FD7591B862A7E3A51141C9245339EB330E9218128ADCD6_1x432KPK85J9_00000100000	true_label: [0.0, 0.0, 0.0, 0.0, 1.0, 0.0, 0.0, 0.0, 0.0, 0.0]	Percent_Selected: 1.000000	0.000000	0.000000	0.000000	0.000000	0.000000	0.000000	0.000000	0.000000	0.000000	Average_Probability: 0.656906	0.048620	0.060706	0.001712	0.055399	0.012051	0.019890	0.002248	0.332859	0.567450	tiles#: 1.000000	
test_0x2ABDB1F5A8CC30DBEC9899C76FDDFB24377B2C62D3D1413E604F7988841A1858_1x0IWYUP81JG_00000100000	true_label: [0.0, 0.0, 0.0, 0.0, 1.0, 0.0, 0.0, 0.0, 0.0, 0.0]	Percent_Selected: 0.002208	0.033113	0.066225	0.047461	0.009934	0.055188	0.017660	0.004415	0.070640	0.693157	Average_Probability: 0.095875	0.216344	0.242955	0.188620	0.086613	0.240101	0.129245	0.125152	0.152996	0.602586	tiles#: 906.000000	
test_0x118694FA9D4976B8EC83D898525411B375D72FDD6AECA9A5F8685574F3F8C96F_1xXGOEWKVE4Y_00000100000	true_label: [0.0, 0.0, 0.0, 0.0, 1.0, 0.0, 0.0, 0.0, 0.0, 0.0]	Percent_Selected: 0.067797	0.016949	0.101695	0.000000	0.000000	0.033898	0.000000	0.000000	0.152542	0.627119	Average_Probability: 0.097943	0.117799	0.325965	0.106782	0.105310	0.179392	0.075596	0.047564	0.235771	0.550192	tiles#: 59.000000	
test_0xC2AB42927792375DD65C85D1BA767C7F986941C9EFD2F242DCDDB4CCEDB5299A_1x1AU1KDZN6D_00000100000	true_label: [0.0, 0.0, 0.0, 0.0, 1.0, 0.0, 0.0, 0.0, 0.0, 0.0]	Percent_Selected: 0.281690	0.000000	0.021127	0.000000	0.000000	0.007042	0.000000	0.000000	0.049296	0.640845	Average_Probability: 0.588856	0.049161	0.128629	0.016175	0.020886	0.041131	0.050305	0.014520	0.106715	0.718831	tiles#: 142.000000	
test_0xC75AFC15A06880BB7EBB0B7DF61E742D2B76AD3EE76FF92028124C2362576D27_1xSSVP0PFIJP_00000100000	true_label: [0.0, 0.0, 0.0, 0.0, 1.0, 0.0, 0.0, 0.0, 0.0, 0.0]	Percent_Selected: 0.010135	0.016892	0.077703	0.003378	0.003378	0.033784	0.027027	0.003378	0.091216	0.733108	Average_Probability: 0.116450	0.108954	0.145704	0.047430	0.025198	0.104012	0.152687	0.015269	0.167301	0.570364	tiles#: 296.000000	
test_0xB664D82E10CF54800A5CF793934A770C6317096901338BC777BF5B40F1A16ECC_1xEU2CN9298U_00000100000	true_label: [0.0, 0.0, 0.0, 0.0, 1.0, 0.0, 0.0, 0.0, 0.0, 0.0]	Percent_Selected: 0.000000	0.000000	0.000000	0.000000	0.000000	0.000000	0.000000	0.000000	0.000000	1.000000	Average_Probability: 0.387593	0.022245	0.177573	0.011279	0.125924	0.026965	0.035585	0.005788	0.079582	0.817895	tiles#: 3.000000	
test_0xEE1C114198E7B605094F1F2D297F3854C80497BB1D76FE55834A7A37A8F077AE_1x8GVBEL2NHS_00000100000	true_label: [0.0, 0.0, 0.0, 0.0, 1.0, 0.0, 0.0, 0.0, 0.0, 0.0]	Percent_Selected: 0.000000	0.034483	0.344828	0.000000	0.000000	0.000000	0.000000	0.000000	0.137931	0.482759	Average_Probability: 0.111875	0.132475	0.440888	0.055343	0.004546	0.097343	0.095341	0.035698	0.146924	0.458337	tiles#: 29.000000	
test_0x0B4EE1845C1E1BC9FE44C6065E70CC8334117C754F7180AA8F968FC0BCF9594A_1xWM8GYBW0G9_00000100000	true_label: [0.0, 0.0, 0.0, 0.0, 1.0, 0.0, 0.0, 0.0, 0.0, 0.0]	Percent_Selected: 0.223427	0.002169	0.195228	0.000000	0.000000	0.019523	0.015184	0.000000	0.125813	0.418655	Average_Probability: 0.396840	0.040656	0.335486	0.018367	0.016680	0.052531	0.183115	0.098105	0.171527	0.578216	tiles#: 461.000000	
