0.000000	0.000000
0.000053	0.000000
0.016215	0.000000
0.016215	0.000478
0.047209	0.000478
0.047209	0.000957
0.061085	0.000957
0.061085	0.001435
0.126369	0.001435
0.126369	0.001914
0.160340	0.001914
0.160340	0.002392
0.166188	0.002392
0.166188	0.002871
0.171292	0.002871
0.171292	0.003349
0.176396	0.003349
0.176396	0.003828
0.201595	0.003828
0.201595	0.004306
0.205263	0.004306
0.205263	0.004785
0.218182	0.004785
0.218182	0.005263
0.218288	0.005263
0.218288	0.005742
0.218660	0.005742
0.218660	0.006220
0.220893	0.006220
0.220893	0.006699
0.221318	0.006699
0.221318	0.007177
0.222594	0.007177
0.222594	0.007656
0.227911	0.007656
0.227911	0.008134
0.230781	0.008134
0.230781	0.008612
0.231579	0.008612
0.231579	0.009091
0.231792	0.009091
0.231792	0.009569
0.232749	0.009569
0.232749	0.010526
0.235938	0.010526
0.235938	0.011005
0.236948	0.011005
0.236948	0.011483
0.238224	0.011483
0.238224	0.011962
0.239553	0.011962
0.239553	0.012440
0.240404	0.012440
0.240404	0.012919
0.243860	0.012919
0.243860	0.013876
0.244072	0.013876
0.244072	0.014354
0.244657	0.014354
0.244657	0.014833
0.245401	0.014833
0.245401	0.015311
0.246252	0.015311
0.246252	0.015789
0.246571	0.015789
0.246571	0.016268
0.247049	0.016268
0.247049	0.016746
0.247847	0.016746
0.247847	0.017225
0.250027	0.017225
0.250027	0.017703
0.250399	0.017703
0.250399	0.018182
0.250665	0.018182
0.250665	0.018660
0.251249	0.018660
0.251249	0.019139
0.251568	0.019139
0.251568	0.019617
0.251940	0.019617
0.251940	0.020096
0.252738	0.020096
0.252738	0.020574
0.254439	0.020574
0.254439	0.021531
0.255981	0.021531
0.255981	0.022010
0.258745	0.022010
0.258745	0.022488
0.259755	0.022488
0.259755	0.022967
0.260021	0.022967
0.260021	0.023445
0.260500	0.023445
0.260500	0.023923
0.260712	0.023923
0.260712	0.024402
0.261935	0.024402
0.261935	0.024880
0.263264	0.024880
0.263264	0.025359
0.263955	0.025359
0.263955	0.026316
0.264062	0.026316
0.264062	0.026794
0.265976	0.026794
0.265976	0.027273
0.266507	0.027273
0.266507	0.027751
0.267730	0.027751
0.267730	0.028230
0.269963	0.028230
0.269963	0.028708
0.270069	0.028708
0.270069	0.029665
0.270707	0.029665
0.270707	0.030144
0.271505	0.030144
0.271505	0.030622
0.272887	0.030622
0.272887	0.031100
0.273737	0.031100
0.273737	0.031579
0.274375	0.031579
0.274375	0.032057
0.274535	0.032057
0.274535	0.032536
0.275226	0.032536
0.275226	0.033014
0.275704	0.033014
0.275704	0.033493
0.276821	0.033493
0.276821	0.033971
0.278735	0.033971
0.278735	0.034450
0.278841	0.034450
0.278841	0.034928
0.279638	0.034928
0.279638	0.035407
0.280702	0.035407
0.280702	0.035885
0.282137	0.035885
0.282137	0.036364
0.283147	0.036364
0.283147	0.036842
0.283254	0.036842
0.283254	0.037321
0.285061	0.037321
0.285061	0.037799
0.285859	0.037799
0.285859	0.038278
0.286497	0.038278
0.286603	0.038278
0.286656	0.038278
0.286656	0.038756
0.286869	0.038756
0.286869	0.039234
0.286922	0.039234
0.286922	0.039713
0.287932	0.039713
0.287932	0.040191
0.289899	0.040191
0.289899	0.040670
0.294046	0.040670
0.294046	0.041148
0.294258	0.041148
0.294258	0.041627
0.296438	0.041627
0.296438	0.042105
0.296970	0.042105
0.296970	0.042584
0.297236	0.042584
0.297236	0.043062
0.298511	0.043062
0.298511	0.043541
0.298884	0.043541
0.298884	0.044019
0.300372	0.044019
0.300372	0.044498
0.302233	0.044498
0.302233	0.044976
0.302446	0.044976
0.302446	0.045455
0.302764	0.045455
0.302764	0.045933
0.303137	0.045933
0.303137	0.046411
0.303243	0.046411
0.303243	0.046890
0.303987	0.046890
0.303987	0.047368
0.304997	0.047368
0.304997	0.047847
0.306326	0.047847
0.306326	0.048325
0.306699	0.048325
0.306699	0.048804
0.307815	0.048804
0.307815	0.049282
0.307921	0.049282
0.307921	0.049761
0.307974	0.049761
0.307974	0.050239
0.309091	0.050239
0.309091	0.050718
0.311005	0.050718
0.311005	0.051196
0.311271	0.051196
0.311271	0.051675
0.311909	0.051675
0.311909	0.052153
0.312440	0.052153
0.312440	0.052632
0.313610	0.052632
0.313610	0.053110
0.314088	0.053110
0.314088	0.053589
0.314779	0.053589
0.314779	0.054067
0.315524	0.054067
0.315524	0.054545
0.315789	0.054545
0.315789	0.055024
0.315843	0.055024
0.315843	0.055502
0.316055	0.055502
0.316055	0.055981
0.316427	0.055981
0.316427	0.056459
0.317331	0.056459
0.317331	0.056938
0.317491	0.056938
0.317491	0.057416
0.317650	0.057416
0.317650	0.057895
0.317703	0.057895
0.317703	0.058373
0.318394	0.058373
0.318394	0.058852
0.318501	0.058852
0.318501	0.059330
0.318554	0.059330
0.318554	0.059809
0.320096	0.059809
0.320096	0.060766
0.320680	0.060766
0.320680	0.061244
0.320946	0.061244
0.320946	0.061722
0.322488	0.061722
0.322488	0.062201
0.322913	0.062201
0.322913	0.062679
0.324668	0.062679
0.324668	0.063158
0.325146	0.063158
0.325146	0.063636
0.327326	0.063636
0.327326	0.064115
0.328177	0.064115
0.328177	0.064593
0.328708	0.064593
0.328708	0.065072
0.331579	0.065072
0.331579	0.065550
0.332004	0.065550
0.332004	0.066029
0.332270	0.066029
0.332270	0.066507
0.332483	0.066507
0.332483	0.066986
0.333652	0.066986
0.333652	0.067464
0.334024	0.067464
0.334024	0.067943
0.334343	0.067943
0.334343	0.068421
0.335619	0.068421
0.335619	0.068900
0.336417	0.068900
0.336417	0.069378
0.336576	0.069378
0.336576	0.069856
0.336948	0.069856
0.336948	0.070335
0.338650	0.070335
0.338650	0.070813
0.338862	0.070813
0.338862	0.071292
0.339022	0.071292
0.339022	0.071770
0.339713	0.071770
0.339713	0.072249
0.340404	0.072249
0.340404	0.072727
0.340617	0.072727
0.340617	0.073206
0.340776	0.073206
0.340776	0.073684
0.342052	0.073684
0.342052	0.074163
0.342637	0.074163
0.342637	0.074641
0.342956	0.074641
0.342956	0.075120
0.343966	0.075120
0.343966	0.075598
0.344444	0.075598
0.344444	0.076077
0.345136	0.076077
0.345136	0.076555
0.345189	0.076555
0.345189	0.077033
0.345242	0.077033
0.345242	0.077512
0.345455	0.077512
0.345455	0.077990
0.347475	0.077990
0.347475	0.078469
0.347581	0.078469
0.347581	0.078947
0.348591	0.078947
0.348591	0.079426
0.349070	0.079426
0.349070	0.079904
0.349814	0.079904
0.349814	0.080383
0.350665	0.080383
0.350665	0.080861
0.350984	0.080861
0.350984	0.081340
0.351302	0.081340
0.351302	0.081818
0.351728	0.081818
0.351728	0.082297
0.352313	0.082297
0.352313	0.082775
0.352525	0.082775
0.352525	0.083254
0.352951	0.083254
0.352951	0.083732
0.353429	0.083732
0.353429	0.084211
0.353642	0.084211
0.353642	0.084689
0.354067	0.084689
0.354067	0.085167
0.355237	0.085167
0.355237	0.085646
0.355449	0.085646
0.355449	0.086603
0.356194	0.086603
0.356194	0.087081
0.357629	0.087081
0.357629	0.087560
0.357842	0.087560
0.357842	0.088038
0.358267	0.088038
0.358267	0.088517
0.358480	0.088517
0.358480	0.088995
0.359862	0.088995
0.359862	0.089474
0.360819	0.089474
0.360819	0.090431
0.361722	0.090431
0.361722	0.090909
0.362626	0.090909
0.362626	0.091388
0.362945	0.091388
0.362945	0.091866
0.363317	0.091866
0.363317	0.092344
0.363849	0.092344
0.363849	0.092823
0.364009	0.092823
0.364009	0.093301
0.364115	0.093301
0.364115	0.093780
0.364221	0.093780
0.364221	0.094258
0.364274	0.094258
0.364274	0.094737
0.365231	0.094737
0.365231	0.095215
0.365391	0.095215
0.365391	0.095694
0.367251	0.095694
0.367358	0.095694
0.369059	0.095694
0.369059	0.096172
0.371239	0.096172
0.371239	0.096651
0.372036	0.096651
0.372036	0.097129
0.374269	0.097129
0.374269	0.097608
0.376555	0.097608
0.376555	0.098086
0.376661	0.098086
0.376661	0.098565
0.378309	0.098565
0.378309	0.099043
0.378894	0.099043
0.378894	0.099522
0.379213	0.099522
0.379213	0.100000
0.379320	0.100000
0.379320	0.100478
0.381074	0.100478
0.381074	0.100957
0.381340	0.100957
0.381340	0.101435
0.383466	0.101435
0.383466	0.101914
0.384742	0.101914
0.384742	0.102392
0.384795	0.102392
0.384795	0.102871
0.385114	0.102871
0.385114	0.103349
0.390377	0.103349
0.390377	0.104306
0.391069	0.104306
0.391069	0.104785
0.392876	0.104785
0.392876	0.105263
0.395215	0.105263
0.395215	0.105742
0.395587	0.105742
0.395587	0.106220
0.397448	0.106220
0.397448	0.106699
0.397501	0.106699
0.397501	0.107177
0.397767	0.107177
0.397767	0.107656
0.397980	0.107656
0.397980	0.108134
0.398299	0.108134
0.398299	0.108612
0.398618	0.108612
0.398618	0.109091
0.399841	0.109091
0.399841	0.109569
0.401223	0.109569
0.401223	0.110048
0.401435	0.110048
0.401435	0.110526
0.402127	0.110526
0.402127	0.111005
0.402499	0.111005
0.402499	0.111483
0.402977	0.111483
0.402977	0.111962
0.403083	0.111962
0.403083	0.112440
0.403349	0.112440
0.403349	0.112919
0.405210	0.112919
0.405210	0.113397
0.406061	0.113397
0.406061	0.113876
0.407018	0.113876
0.407018	0.114354
0.408878	0.114354
0.408878	0.114833
0.408985	0.114833
0.408985	0.115311
0.409250	0.115311
0.409250	0.116268
0.409623	0.116268
0.409623	0.116746
0.409729	0.116746
0.409729	0.117225
0.410526	0.117225
0.410526	0.117703
0.410952	0.117703
0.410952	0.118660
0.411111	0.118660
0.411111	0.119139
0.412068	0.119139
0.412068	0.119617
0.413822	0.119617
0.413822	0.120096
0.414301	0.120096
0.414301	0.120574
0.414354	0.120574
0.414354	0.121053
0.415524	0.121053
0.415524	0.121531
0.415789	0.121531
0.415789	0.122010
0.417597	0.122010
0.417597	0.122488
0.419245	0.122488
0.419245	0.122967
0.419511	0.122967
0.419511	0.123923
0.420468	0.123923
0.420468	0.124402
0.421691	0.124402
0.421691	0.124880
0.421744	0.124880
0.421744	0.125359
0.424349	0.125359
0.424349	0.125837
0.424934	0.125837
0.424934	0.126316
0.425093	0.126316
0.425093	0.126794
0.425359	0.126794
0.425359	0.127273
0.426103	0.127273
0.426103	0.127751
0.426635	0.127751
0.426635	0.128230
0.427166	0.128230
0.427166	0.128708
0.427698	0.128708
0.427698	0.129187
0.432004	0.129187
0.432004	0.129665
0.432270	0.129665
0.432270	0.130144
0.432695	0.130144
0.432695	0.130622
0.433174	0.130622
0.433174	0.131100
0.433386	0.131100
0.433386	0.131579
0.433812	0.131579
0.433812	0.132057
0.434875	0.132057
0.434875	0.132536
0.435035	0.132536
0.435035	0.133971
0.435513	0.133971
0.435513	0.134450
0.436364	0.134450
0.436364	0.134928
0.436576	0.134928
0.436576	0.135407
0.436948	0.135407
0.436948	0.135885
0.439022	0.135885
0.439022	0.136364
0.439979	0.136364
0.439979	0.136842
0.441255	0.136842
0.441255	0.137321
0.441839	0.137321
0.441839	0.137799
0.443966	0.137799
0.443966	0.138278
0.444125	0.138278
0.444125	0.138756
0.444179	0.138756
0.444179	0.140191
0.445136	0.140191
0.445136	0.140670
0.445401	0.140670
0.445401	0.141148
0.446252	0.141148
0.446252	0.141627
0.446305	0.141627
0.446305	0.142105
0.446996	0.142105
0.446996	0.142584
0.448751	0.142584
0.448751	0.143062
0.449389	0.143062
0.449389	0.143541
0.449442	0.143541
0.449442	0.144019
0.450505	0.144019
0.450505	0.144498
0.450877	0.144498
0.450877	0.144976
0.451037	0.144976
0.451037	0.145455
0.451196	0.145455
0.451196	0.145933
0.452897	0.145933
0.452897	0.146411
0.453163	0.146411
0.453163	0.146890
0.453376	0.146890
0.453376	0.147847
0.453695	0.147847
0.453695	0.148325
0.454014	0.148325
0.454014	0.148804
0.454652	0.148804
0.454652	0.149282
0.456406	0.149282
0.456406	0.149761
0.457469	0.149761
0.457469	0.150239
0.459543	0.150239
0.459543	0.151196
0.460074	0.151196
0.460074	0.151675
0.461031	0.151675
0.461031	0.152153
0.461244	0.152153
0.461244	0.152632
0.462573	0.152632
0.462573	0.153110
0.462839	0.153110
0.462839	0.153589
0.463211	0.153589
0.463211	0.154067
0.463264	0.154067
0.463264	0.154545
0.463583	0.154545
0.463583	0.155024
0.464009	0.155024
0.464009	0.155502
0.466082	0.155502
0.466082	0.155981
0.467358	0.155981
0.467358	0.156459
0.467624	0.156459
0.467624	0.156938
0.467836	0.156938
0.467836	0.157416
0.469378	0.157416
0.469378	0.157895
0.470867	0.157895
0.470867	0.158373
0.472674	0.158373
0.472674	0.158852
0.473472	0.158852
0.473472	0.159330
0.473844	0.159330
0.473844	0.159809
0.476980	0.159809
0.476980	0.160287
0.477671	0.160287
0.477671	0.160766
0.478947	0.160766
0.478947	0.161244
0.481446	0.161244
0.481446	0.161722
0.482137	0.161722
0.482137	0.162201
0.482935	0.162201
0.482935	0.162679
0.483307	0.162679
0.483307	0.163158
0.484795	0.163158
0.484795	0.163636
0.487188	0.163636
0.487188	0.164115
0.487613	0.164115
0.487613	0.164593
0.488038	0.164593
0.488038	0.165072
0.488464	0.165072
0.488464	0.165550
0.489686	0.165550
0.489686	0.166029
0.490431	0.166029
0.490431	0.166507
0.492663	0.166507
0.492663	0.166986
0.496332	0.166986
0.496332	0.167464
0.496491	0.167464
0.496491	0.167943
0.496863	0.167943
0.496863	0.168421
0.497342	0.168421
0.497342	0.168900
0.497661	0.168900
0.497661	0.169378
0.498671	0.169378
0.498671	0.170335
0.500797	0.170335
0.500797	0.170813
0.501808	0.170813
0.501808	0.171292
0.502818	0.171292
0.502818	0.171770
0.502977	0.171770
0.502977	0.172249
0.503456	0.172249
0.503456	0.173206
0.504200	0.173206
0.504200	0.173684
0.507337	0.173684
0.507337	0.174163
0.507390	0.174163
0.507390	0.174641
0.507496	0.174641
0.507496	0.175120
0.509835	0.175120
0.509835	0.175598
0.511324	0.175598
0.511324	0.176077
0.512228	0.176077
0.512228	0.176555
0.512334	0.176555
0.512334	0.177033
0.512706	0.177033
0.512706	0.177512
0.514195	0.177512
0.514195	0.177990
0.514514	0.177990
0.514514	0.178469
0.514992	0.178469
0.514992	0.178947
0.516162	0.178947
0.516162	0.179426
0.517012	0.179426
0.517012	0.179904
0.517597	0.179904
0.517597	0.180383
0.518767	0.180383
0.518767	0.180861
0.519032	0.180861
0.519032	0.181340
0.520202	0.181340
0.520202	0.181818
0.520734	0.181818
0.520734	0.182297
0.520999	0.182297
0.520999	0.182775
0.521106	0.182775
0.521106	0.183254
0.522382	0.183254
0.522382	0.183732
0.522435	0.183732
0.522435	0.184211
0.522541	0.184211
0.522541	0.184689
0.523339	0.184689
0.523339	0.185167
0.523445	0.185167
0.523445	0.185646
0.525837	0.185646
0.525837	0.186124
0.525997	0.186124
0.525997	0.186603
0.526901	0.186603
0.526901	0.187560
0.530569	0.187560
0.530569	0.188038
0.530888	0.188038
0.530888	0.188517
0.531260	0.188517
0.531260	0.188995
0.531845	0.188995
0.531845	0.189474
0.532642	0.189474
0.532642	0.189952
0.533174	0.189952
0.533174	0.190431
0.534184	0.190431
0.534184	0.190909
0.537586	0.190909
0.537586	0.191388
0.538278	0.191388
0.538278	0.191866
0.541680	0.191866
0.541680	0.192344
0.542052	0.192344
0.542052	0.192823
0.543806	0.192823
0.543806	0.193301
0.544019	0.193301
0.544019	0.193780
0.546093	0.193780
0.546093	0.194258
0.546730	0.194258
0.546730	0.194737
0.546996	0.194737
0.546996	0.195215
0.547528	0.195215
0.547528	0.195694
0.547581	0.195694
0.547581	0.196651
0.550292	0.196651
0.550292	0.197129
0.550771	0.197129
0.550771	0.197608
0.553270	0.197608
0.553270	0.198086
0.553429	0.198086
0.553429	0.198565
0.554280	0.198565
0.554280	0.199043
0.554545	0.199043
0.554545	0.199522
0.556566	0.199522
0.556566	0.200000
0.557948	0.200000
0.557948	0.200478
0.558480	0.200478
0.558480	0.201435
0.559436	0.201435
0.559436	0.201914
0.559649	0.201914
0.559649	0.202392
0.560606	0.202392
0.560606	0.202871
0.561085	0.202871
0.561085	0.203349
0.561350	0.203349
0.561457	0.203349
0.561669	0.203349
0.561669	0.203828
0.563317	0.203828
0.563317	0.204306
0.563371	0.204306
0.563371	0.204785
0.563424	0.204785
0.563424	0.205263
0.563849	0.205263
0.563849	0.205742
0.563902	0.205742
0.563902	0.206699
0.564221	0.206699
0.564221	0.207177
0.564434	0.207177
0.564434	0.207656
0.566029	0.207656
0.566029	0.208134
0.567039	0.208134
0.567039	0.208612
0.567464	0.208612
0.567464	0.209091
0.568262	0.209091
0.568262	0.209569
0.568687	0.209569
0.568687	0.210048
0.569059	0.210048
0.569059	0.210526
0.569963	0.210526
0.569963	0.211005
0.570548	0.211005
0.570654	0.211005
0.571239	0.211005
0.571239	0.211483
0.571983	0.211483
0.571983	0.211962
0.572834	0.211962
0.572834	0.212440
0.572993	0.212440
0.572993	0.212919
0.574216	0.212919
0.574216	0.213397
0.574322	0.213397
0.574322	0.213876
0.575492	0.213876
0.575492	0.214354
0.576289	0.214354
0.576289	0.214833
0.576555	0.214833
0.576555	0.215311
0.577246	0.215311
0.577246	0.215789
0.578522	0.215789
0.578522	0.216746
0.580489	0.216746
0.580489	0.217225
0.580861	0.217225
0.580861	0.217703
0.581393	0.217703
0.581393	0.218182
0.582935	0.218182
0.582935	0.218660
0.584104	0.218660
0.584104	0.219139
0.584689	0.219139
0.584689	0.219617
0.585752	0.219617
0.585752	0.220096
0.586443	0.220096
0.586443	0.220574
0.587028	0.220574
0.587028	0.221053
0.588091	0.221053
0.588091	0.221531
0.588410	0.221531
0.588410	0.222010
0.591281	0.222010
0.591281	0.222488
0.591388	0.222488
0.591388	0.222967
0.592344	0.222967
0.592344	0.223445
0.593248	0.223445
0.593248	0.224402
0.593833	0.224402
0.593833	0.224880
0.595056	0.224880
0.595056	0.225359
0.596651	0.225359
0.596651	0.225837
0.596757	0.225837
0.596757	0.226316
0.597182	0.226316
0.597182	0.227273
0.597289	0.227273
0.597289	0.227751
0.597342	0.227751
0.597342	0.228230
0.598618	0.228230
0.598618	0.228708
0.599256	0.228708
0.599256	0.229187
0.600159	0.229187
0.600159	0.229665
0.600797	0.229665
0.600797	0.230144
0.602020	0.230144
0.602020	0.230622
0.602339	0.230622
0.602339	0.231100
0.603137	0.231100
0.603137	0.231579
0.603509	0.231579
0.603509	0.232057
0.606273	0.232057
0.606273	0.232536
0.607177	0.232536
0.607177	0.233014
0.607921	0.233014
0.607921	0.233493
0.611005	0.233493
0.611005	0.233971
0.612068	0.233971
0.612068	0.234450
0.612281	0.234450
0.612281	0.234928
0.612334	0.234928
0.612334	0.235407
0.613397	0.235407
0.613397	0.235885
0.613610	0.235885
0.613610	0.236364
0.613929	0.236364
0.613929	0.236842
0.614301	0.236842
0.614301	0.237321
0.615577	0.237321
0.615577	0.237799
0.616162	0.237799
0.616162	0.238278
0.616906	0.238278
0.616906	0.238756
0.617650	0.238756
0.617650	0.239234
0.618554	0.239234
0.618554	0.239713
0.618820	0.239713
0.618820	0.240191
0.618873	0.240191
0.618873	0.240670
0.619032	0.240670
0.619032	0.241148
0.620521	0.241148
0.620521	0.241627
0.620734	0.241627
0.620734	0.242105
0.621478	0.242105
0.621478	0.242584
0.626528	0.242584
0.626528	0.243062
0.627326	0.243062
0.627326	0.243541
0.629506	0.243541
0.629506	0.244019
0.630250	0.244019
0.630250	0.244498
0.633121	0.244498
0.633121	0.244976
0.633493	0.244976
0.633493	0.245455
0.633546	0.245455
0.633546	0.245933
0.634450	0.245933
0.634450	0.246890
0.634556	0.246890
0.634556	0.247368
0.635513	0.247368
0.635513	0.247847
0.635832	0.247847
0.635832	0.248804
0.635991	0.248804
0.635991	0.249282
0.636257	0.249282
0.636257	0.249761
0.637055	0.249761
0.637055	0.250239
0.638437	0.250239
0.638437	0.250718
0.639288	0.250718
0.639288	0.251196
0.640404	0.251196
0.640404	0.251675
0.641308	0.251675
0.641308	0.252153
0.642850	0.252153
0.642850	0.252632
0.643700	0.252632
0.643700	0.253589
0.643966	0.253589
0.643966	0.254067
0.644923	0.254067
0.644923	0.254545
0.646146	0.254545
0.646146	0.255024
0.646252	0.255024
0.646252	0.255502
0.646358	0.255502
0.646358	0.255981
0.646996	0.255981
0.646996	0.256459
0.647422	0.256459
0.647422	0.256938
0.647687	0.256938
0.647687	0.257416
0.648113	0.257416
0.648113	0.257895
0.649389	0.257895
0.649389	0.258373
0.650027	0.258373
0.650027	0.258852
0.650558	0.258852
0.650558	0.259330
0.652632	0.259330
0.652632	0.259809
0.653057	0.259809
0.653057	0.260287
0.653376	0.260287
0.653376	0.260766
0.654758	0.260766
0.654758	0.261244
0.655077	0.261244
0.655077	0.262201
0.655183	0.262201
0.655183	0.262679
0.655290	0.262679
0.655290	0.263158
0.658001	0.263158
0.658001	0.263636
0.659171	0.263636
0.659171	0.264115
0.659330	0.264115
0.659330	0.264593
0.660393	0.264593
0.660393	0.265072
0.660766	0.265072
0.660766	0.265550
0.661829	0.265550
0.661829	0.266029
0.664593	0.266029
0.664593	0.266507
0.664965	0.266507
0.664965	0.266986
0.668049	0.266986
0.668049	0.267464
0.668102	0.267464
0.668102	0.267943
0.670548	0.267943
0.670548	0.268421
0.673631	0.268421
0.673737	0.268421
0.673791	0.268421
0.673791	0.268900
0.675758	0.268900
0.675758	0.269378
0.676023	0.269378
0.676023	0.269856
0.677033	0.269856
0.677033	0.270335
0.677087	0.270335
0.677087	0.270813
0.677778	0.270813
0.677778	0.271770
0.678256	0.271770
0.678256	0.272249
0.679054	0.272249
0.679054	0.272727
0.680436	0.272727
0.680436	0.273206
0.680808	0.273206
0.680808	0.273684
0.681606	0.273684
0.681606	0.274163
0.682243	0.274163
0.682350	0.274163
0.683147	0.274163
0.683147	0.275120
0.683466	0.275120
0.683466	0.276077
0.683732	0.276077
0.683732	0.276555
0.684689	0.276555
0.684689	0.277033
0.685221	0.277033
0.685221	0.277512
0.685380	0.277512
0.685380	0.277990
0.686709	0.277990
0.686709	0.278947
0.686922	0.278947
0.686922	0.279426
0.687719	0.279426
0.687719	0.279904
0.687932	0.279904
0.687932	0.280383
0.688623	0.280383
0.688623	0.280861
0.690803	0.280861
0.690803	0.281340
0.691334	0.281340
0.691334	0.282297
0.691494	0.282297
0.691494	0.282775
0.691972	0.282775
0.691972	0.283254
0.693461	0.283254
0.693461	0.283732
0.693939	0.283732
0.693939	0.284211
0.696651	0.284211
0.696651	0.284689
0.696917	0.284689
0.696917	0.285167
0.697236	0.285167
0.697236	0.285646
0.698458	0.285646
0.698458	0.286124
0.698777	0.286124
0.698777	0.286603
0.699841	0.286603
0.699841	0.287081
0.701010	0.287081
0.701010	0.288517
0.701435	0.288517
0.701435	0.288995
0.702020	0.288995
0.702020	0.289952
0.703402	0.289952
0.703402	0.290431
0.703562	0.290431
0.703562	0.290909
0.704147	0.290909
0.704147	0.291388
0.704200	0.291388
0.704200	0.291866
0.705051	0.291866
0.705051	0.292344
0.705369	0.292344
0.705369	0.292823
0.705848	0.292823
0.705848	0.293301
0.705954	0.293301
0.706061	0.293301
0.708612	0.293301
0.708612	0.293780
0.708931	0.293780
0.708931	0.294258
0.709250	0.294258
0.709250	0.294737
0.710048	0.294737
0.710048	0.295215
0.710207	0.295215
0.710207	0.295694
0.710314	0.295694
0.710314	0.296172
0.710952	0.296172
0.710952	0.296651
0.711111	0.296651
0.711111	0.297129
0.711536	0.297129
0.711536	0.297608
0.712228	0.297608
0.712228	0.298086
0.713663	0.298086
0.713663	0.298565
0.714301	0.298565
0.714301	0.299043
0.714886	0.299043
0.714886	0.299522
0.715258	0.299522
0.715258	0.300000
0.715364	0.300000
0.715364	0.300478
0.715949	0.300478
0.715949	0.300957
0.716959	0.300957
0.716959	0.301435
0.718448	0.301435
0.718448	0.301914
0.718873	0.301914
0.718873	0.302392
0.719192	0.302392
0.719192	0.302871
0.719883	0.302871
0.719883	0.303828
0.720308	0.303828
0.720308	0.304306
0.720787	0.304306
0.720787	0.304785
0.720893	0.304785
0.720893	0.305263
0.722063	0.305263
0.722063	0.305742
0.722967	0.305742
0.722967	0.306220
0.723179	0.306220
0.723179	0.306699
0.723339	0.306699
0.723339	0.307177
0.723604	0.307177
0.723604	0.307656
0.724349	0.307656
0.724349	0.308134
0.724508	0.308134
0.724508	0.309091
0.725093	0.309091
0.725093	0.309569
0.726369	0.309569
0.726369	0.310048
0.727007	0.310048
0.727007	0.310526
0.727964	0.310526
0.727964	0.311005
0.729240	0.311005
0.729240	0.311483
0.729346	0.311483
0.729346	0.311962
0.730728	0.311962
0.730728	0.312440
0.732217	0.312440
0.732217	0.313397
0.732908	0.313397
0.732908	0.313876
0.733014	0.313876
0.733014	0.314354
0.733333	0.314354
0.733333	0.314833
0.734078	0.314833
0.734078	0.315311
0.734184	0.315311
0.734184	0.315789
0.735247	0.315789
0.735247	0.316268
0.735354	0.316268
0.735354	0.316746
0.735460	0.316746
0.735460	0.317225
0.736683	0.317225
0.736683	0.317703
0.736789	0.317703
0.736789	0.318182
0.737693	0.318182
0.737693	0.318660
0.737746	0.318660
0.737746	0.319617
0.738224	0.319617
0.738224	0.320096
0.739500	0.320096
0.739500	0.320574
0.740085	0.320574
0.740085	0.321053
0.740245	0.321053
0.740245	0.322010
0.740829	0.322010
0.740829	0.322488
0.741042	0.322488
0.741042	0.322967
0.743115	0.322967
0.743115	0.323445
0.744870	0.323445
0.744870	0.323923
0.746199	0.323923
0.746199	0.324402
0.746571	0.324402
0.746571	0.324880
0.747900	0.324880
0.747900	0.325359
0.749123	0.325359
0.749123	0.325837
0.750877	0.325837
0.750877	0.326316
0.752685	0.326316
0.752685	0.326794
0.753589	0.326794
0.753589	0.327273
0.753801	0.327273
0.753801	0.327751
0.753907	0.327751
0.753907	0.328230
0.756566	0.328230
0.756566	0.328708
0.756831	0.328708
0.756831	0.329187
0.757576	0.329187
0.757576	0.330144
0.758001	0.330144
0.758001	0.330622
0.759011	0.330622
0.759011	0.331100
0.759330	0.331100
0.759330	0.331579
0.760340	0.331579
0.760340	0.332057
0.760447	0.332057
0.760447	0.332536
0.760553	0.332536
0.760553	0.333014
0.760606	0.333014
0.760606	0.333493
0.760872	0.333493
0.760872	0.333971
0.761457	0.333971
0.761457	0.334928
0.761563	0.334928
0.761563	0.335407
0.761829	0.335407
0.761829	0.335885
0.762679	0.335885
0.762679	0.336364
0.762786	0.336364
0.762786	0.336842
0.763052	0.336842
0.763052	0.337321
0.763371	0.337321
0.763371	0.337799
0.763424	0.337799
0.763530	0.337799
0.764487	0.337799
0.764487	0.338278
0.765125	0.338278
0.765125	0.338756
0.765497	0.338756
0.765497	0.339234
0.766082	0.339234
0.766082	0.340191
0.766667	0.340191
0.766667	0.341627
0.766720	0.341627
0.766720	0.342105
0.767996	0.342105
0.768102	0.342105
0.768846	0.342105
0.768846	0.342584
0.769165	0.342584
0.769165	0.343062
0.769856	0.343062
0.769856	0.343541
0.769910	0.343541
0.769910	0.344019
0.770229	0.344019
0.770229	0.344498
0.770601	0.344498
0.770601	0.344976
0.770920	0.344976
0.770920	0.345933
0.771505	0.345933
0.771505	0.346411
0.772302	0.346411
0.772302	0.346890
0.772621	0.346890
0.772621	0.347368
0.774110	0.347368
0.774110	0.347847
0.774163	0.347847
0.774163	0.348325
0.774428	0.348325
0.774428	0.348804
0.774535	0.348804
0.774535	0.349761
0.774641	0.349761
0.774641	0.350239
0.775279	0.350239
0.775279	0.350718
0.775385	0.350718
0.775385	0.351196
0.775492	0.351196
0.775492	0.351675
0.775545	0.351675
0.775545	0.352153
0.775758	0.352153
0.775758	0.352632
0.777459	0.352632
0.777459	0.353110
0.777778	0.353110
0.777884	0.353110
0.778097	0.353110
0.778097	0.353589
0.780702	0.353589
0.780702	0.354067
0.781340	0.354067
0.781340	0.354545
0.781499	0.354545
0.781499	0.355024
0.782350	0.355024
0.782350	0.355502
0.782828	0.355502
0.782828	0.355981
0.783413	0.355981
0.783413	0.356459
0.783785	0.356459
0.783785	0.356938
0.785274	0.356938
0.785274	0.357416
0.785593	0.357416
0.785593	0.358373
0.786071	0.358373
0.786071	0.358852
0.786337	0.358852
0.786337	0.359330
0.786390	0.359330
0.786390	0.359809
0.786656	0.359809
0.786656	0.360287
0.787028	0.360287
0.787028	0.360766
0.787241	0.360766
0.787241	0.361722
0.789367	0.361722
0.789367	0.362201
0.789846	0.362201
0.789846	0.362679
0.790537	0.362679
0.790537	0.363636
0.790590	0.363636
0.790590	0.364115
0.791441	0.364115
0.791441	0.365072
0.791600	0.365072
0.791600	0.365550
0.792132	0.365550
0.792132	0.366029
0.792238	0.366029
0.792238	0.366507
0.792717	0.366507
0.792717	0.366986
0.793089	0.366986
0.793089	0.367464
0.793195	0.367464
0.793195	0.367943
0.794471	0.367943
0.794471	0.368421
0.796013	0.368421
0.796013	0.368900
0.796491	0.368900
0.796491	0.369856
0.796544	0.369856
0.796544	0.370335
0.797608	0.370335
0.797608	0.370813
0.799256	0.370813
0.799256	0.371292
0.799362	0.371292
0.799362	0.371770
0.800266	0.371770
0.800266	0.372249
0.800532	0.372249
0.800532	0.372727
0.801116	0.372727
0.801116	0.373206
0.801967	0.373206
0.801967	0.373684
0.802233	0.373684
0.802233	0.374163
0.802605	0.374163
0.802658	0.374641
0.802658	0.375120
0.803721	0.375120
0.803721	0.375598
0.804306	0.375598
0.804306	0.376077
0.805104	0.376077
0.805104	0.376555
0.806061	0.376555
0.806061	0.377512
0.806273	0.377512
0.806273	0.377990
0.807283	0.377990
0.807283	0.378469
0.807868	0.378469
0.807868	0.378947
0.808347	0.378947
0.808347	0.379426
0.808506	0.379426
0.808506	0.379904
0.808559	0.379904
0.808559	0.380383
0.809410	0.380383
0.809410	0.380861
0.809729	0.380861
0.809729	0.381818
0.809835	0.381818
0.809835	0.382297
0.810048	0.382297
0.810048	0.382775
0.810473	0.382775
0.810473	0.383254
0.810579	0.383254
0.810579	0.383732
0.811271	0.383732
0.811271	0.384211
0.812068	0.384211
0.812068	0.384689
0.814833	0.384689
0.814833	0.385167
0.815045	0.385167
0.815045	0.385646
0.815152	0.385646
0.815152	0.386124
0.815258	0.386124
0.815258	0.387081
0.815683	0.387081
0.815683	0.387560
0.816534	0.387560
0.816534	0.388038
0.816906	0.388038
0.816906	0.388517
0.817012	0.388517
0.817012	0.389474
0.817225	0.389474
0.817225	0.389952
0.817278	0.389952
0.817278	0.390431
0.817384	0.390431
0.817384	0.390909
0.817597	0.390909
0.817703	0.390909
0.818394	0.390909
0.818394	0.391388
0.818713	0.391388
0.818713	0.391866
0.819458	0.391866
0.819458	0.392344
0.820096	0.392344
0.820096	0.392823
0.820202	0.392823
0.820202	0.393301
0.821318	0.393301
0.821318	0.393780
0.821637	0.393780
0.821637	0.394258
0.821903	0.394258
0.821903	0.394737
0.822063	0.394737
0.822063	0.395215
0.822382	0.395215
0.822382	0.395694
0.822435	0.395694
0.822435	0.396651
0.822701	0.396651
0.822701	0.397129
0.822860	0.397129
0.822860	0.397608
0.822913	0.397608
0.822913	0.398086
0.822967	0.398086
0.822967	0.398565
0.823339	0.398565
0.823339	0.399043
0.824668	0.399043
0.824668	0.399522
0.824934	0.399522
0.824934	0.400478
0.825731	0.400478
0.825731	0.400957
0.826156	0.400957
0.826156	0.401914
0.826369	0.401914
0.826369	0.402392
0.826794	0.402392
0.826794	0.403349
0.826847	0.403349
0.826847	0.403828
0.827007	0.403828
0.827007	0.404306
0.827592	0.404306
0.827592	0.404785
0.827751	0.404785
0.827751	0.405263
0.827911	0.405263
0.827911	0.405742
0.828017	0.405742
0.828123	0.405742
0.828389	0.405742
0.828389	0.406220
0.829240	0.406220
0.829240	0.406699
0.830037	0.406699
0.830037	0.407177
0.830463	0.407177
0.830463	0.407656
0.831419	0.407656
0.831419	0.408134
0.831526	0.408134
0.831526	0.408612
0.832376	0.408612
0.832376	0.409091
0.832430	0.409091
0.832430	0.410526
0.832536	0.410526
0.832536	0.411005
0.833014	0.411005
0.833014	0.411483
0.833174	0.411483
0.833174	0.412440
0.833493	0.412440
0.833493	0.412919
0.833546	0.412919
0.833546	0.413397
0.834024	0.413397
0.834024	0.414354
0.834450	0.414354
0.834450	0.414833
0.834503	0.414833
0.834503	0.415789
0.835141	0.415789
0.835141	0.416268
0.835726	0.416268
0.835726	0.416746
0.836151	0.416746
0.836151	0.417225
0.836789	0.417225
0.836789	0.417703
0.837055	0.417703
0.837055	0.418182
0.837267	0.418182
0.837267	0.418660
0.838969	0.418660
0.838969	0.419139
0.840245	0.419139
0.840245	0.419617
0.840564	0.419617
0.840564	0.420096
0.840989	0.420096
0.840989	0.420574
0.841308	0.420574
0.841308	0.421053
0.841414	0.421053
0.841414	0.421531
0.842371	0.421531
0.842371	0.422010
0.843115	0.422010
0.843115	0.422488
0.844019	0.422488
0.844019	0.422967
0.845827	0.422967
0.845933	0.422967
0.847049	0.422967
0.847049	0.423445
0.847262	0.423445
0.847262	0.423923
0.847794	0.423923
0.847900	0.423923
0.847953	0.423923
0.847953	0.424402
0.848113	0.424402
0.848113	0.424880
0.848485	0.424880
0.848485	0.425359
0.849123	0.425359
0.849123	0.425837
0.849973	0.425837
0.849973	0.426794
0.850239	0.426794
0.850239	0.427273
0.850824	0.427273
0.850824	0.427751
0.850984	0.427751
0.850984	0.428230
0.851196	0.428230
0.851196	0.428708
0.851409	0.428708
0.851409	0.429187
0.851887	0.429187
0.851887	0.429665
0.853323	0.429665
0.853429	0.429665
0.853482	0.429665
0.853482	0.430144
0.854014	0.430144
0.854014	0.430622
0.855290	0.430622
0.855290	0.431100
0.855343	0.431100
0.855343	0.431579
0.855928	0.431579
0.855928	0.432057
0.856406	0.432057
0.856406	0.432536
0.856831	0.432536
0.856831	0.433014
0.857150	0.433014
0.857150	0.433493
0.857363	0.433493
0.857363	0.434928
0.857416	0.434928
0.857416	0.435407
0.857469	0.435407
0.857469	0.435885
0.858320	0.435885
0.858320	0.436364
0.858373	0.436364
0.858373	0.436842
0.858533	0.436842
0.858533	0.437321
0.859755	0.437321
0.859755	0.437799
0.860021	0.437799
0.860021	0.438278
0.860340	0.438278
0.860340	0.438756
0.860447	0.438756
0.860447	0.439713
0.860766	0.439713
0.860766	0.440191
0.860978	0.440191
0.860978	0.441148
0.861244	0.441148
0.861244	0.441627
0.861510	0.441627
0.861510	0.442584
0.861776	0.442584
0.861776	0.443541
0.862095	0.443541
0.862095	0.444019
0.864009	0.444019
0.864009	0.444498
0.864062	0.444498
0.864062	0.445455
0.864274	0.445455
0.864274	0.445933
0.864327	0.445933
0.864327	0.446411
0.864753	0.446411
0.864753	0.446890
0.865019	0.446890
0.865019	0.447368
0.865125	0.447368
0.865125	0.447847
0.865338	0.447847
0.865338	0.448325
0.865497	0.448325
0.865497	0.449282
0.865603	0.449282
0.865603	0.449761
0.865922	0.449761
0.865922	0.450239
0.866507	0.450239
0.866507	0.450718
0.866560	0.450718
0.866560	0.451196
0.866826	0.451196
0.866826	0.452153
0.867464	0.452153
0.867464	0.452632
0.867517	0.452632
0.867517	0.453110
0.867677	0.453110
0.867677	0.454067
0.867943	0.454067
0.867943	0.454545
0.868102	0.454545
0.868102	0.455024
0.868315	0.455024
0.868315	0.455502
0.868421	0.455502
0.868421	0.455981
0.869006	0.455981
0.869006	0.456459
0.869219	0.456459
0.869219	0.457416
0.869378	0.457416
0.869378	0.457895
0.869644	0.457895
0.869644	0.458373
0.869803	0.458373
0.869803	0.458852
0.870016	0.458852
0.870016	0.459330
0.871451	0.459330
0.871451	0.459809
0.871664	0.459809
0.871664	0.460287
0.872036	0.460287
0.872036	0.460766
0.872142	0.460766
0.872142	0.461244
0.872568	0.461244
0.872568	0.461722
0.872834	0.461722
0.872834	0.462679
0.872940	0.462679
0.872940	0.463158
0.873046	0.463158
0.873046	0.464115
0.873259	0.464115
0.873259	0.464593
0.873312	0.464593
0.873312	0.466029
0.874322	0.466029
0.874322	0.466986
0.874375	0.466986
0.874375	0.467464
0.874535	0.467464
0.874535	0.467943
0.874960	0.467943
0.874960	0.468421
0.875545	0.468421
0.875545	0.468900
0.875598	0.468900
0.875598	0.469378
0.875651	0.469378
0.875651	0.469856
0.875758	0.469856
0.875758	0.470335
0.876023	0.470335
0.876023	0.470813
0.876077	0.470813
0.876077	0.471292
0.876342	0.471292
0.876342	0.471770
0.876927	0.471770
0.876927	0.472249
0.877406	0.472249
0.877406	0.472727
0.877512	0.472727
0.877512	0.473206
0.877618	0.473206
0.877618	0.473684
0.878044	0.473684
0.878044	0.474163
0.878150	0.474163
0.878150	0.474641
0.878309	0.474641
0.878309	0.475120
0.878469	0.475120
0.878469	0.476077
0.878682	0.476077
0.878682	0.476555
0.878894	0.476555
0.878894	0.477033
0.879107	0.477033
0.879107	0.477512
0.879160	0.477512
0.879160	0.477990
0.880064	0.477990
0.880064	0.478469
0.880276	0.478469
0.880276	0.478947
0.880595	0.478947
0.880595	0.479426
0.881074	0.479426
0.881074	0.479904
0.881127	0.479904
0.881127	0.480383
0.882509	0.480383
0.882509	0.480861
0.883732	0.480861
0.883732	0.481818
0.884051	0.481818
0.884051	0.482297
0.884476	0.482297
0.884476	0.483254
0.884530	0.483254
0.884530	0.483732
0.885114	0.483732
0.885221	0.483732
0.885912	0.483732
0.885912	0.484211
0.886816	0.484211
0.886816	0.484689
0.886922	0.484689
0.886922	0.485167
0.886975	0.485167
0.886975	0.485646
0.887826	0.485646
0.887826	0.486603
0.888091	0.486603
0.888091	0.487081
0.888410	0.487081
0.888410	0.487560
0.888464	0.487560
0.888464	0.488038
0.888889	0.488038
0.888889	0.488517
0.889102	0.488517
0.889208	0.488517
0.889421	0.488517
0.889421	0.489474
0.889633	0.489474
0.889633	0.489952
0.889846	0.489952
0.889846	0.490431
0.890112	0.490431
0.890112	0.490909
0.890909	0.490909
0.890909	0.491388
0.890962	0.491388
0.890962	0.491866
0.891175	0.491866
0.891175	0.492344
0.891334	0.492344
0.891334	0.493301
0.891441	0.493301
0.891441	0.493780
0.891707	0.493780
0.891707	0.494258
0.891760	0.494258
0.891760	0.494737
0.891813	0.494737
0.891813	0.495215
0.892876	0.495215
0.892876	0.496172
0.892982	0.496172
0.892982	0.496651
0.893195	0.496651
0.893195	0.497129
0.893461	0.497129
0.893461	0.498086
0.893833	0.498086
0.893833	0.498565
0.894099	0.498565
0.894099	0.499522
0.895268	0.499522
0.895268	0.500000
0.895375	0.500000
0.895375	0.500478
0.895747	0.500478
0.895747	0.501435
0.896172	0.501435
0.896172	0.501914
0.896704	0.501914
0.896704	0.502392
0.896863	0.502392
0.896863	0.502871
0.898139	0.502871
0.898139	0.503349
0.898299	0.503349
0.898299	0.503828
0.898458	0.503828
0.898458	0.504306
0.898884	0.504306
0.898884	0.504785
0.899096	0.504785
0.899096	0.505263
0.899522	0.505263
0.899522	0.505742
0.899628	0.505742
0.899628	0.506220
0.899787	0.506220
0.899787	0.506699
0.900159	0.506699
0.900159	0.507177
0.900425	0.507177
0.900425	0.507656
0.900532	0.507656
0.900532	0.508612
0.900744	0.508612
0.900744	0.509091
0.900957	0.509091
0.900957	0.510048
0.901063	0.510048
0.901170	0.510048
0.901542	0.510048
0.901542	0.510526
0.901701	0.510526
0.901701	0.511005
0.902446	0.511005
0.902446	0.511483
0.903137	0.511483
0.903137	0.511962
0.903243	0.511962
0.903243	0.512440
0.903562	0.512440
0.903562	0.512919
0.904040	0.512919
0.904040	0.513397
0.904200	0.513397
0.904200	0.513876
0.904253	0.513876
0.904253	0.514354
0.904625	0.514354
0.904625	0.515311
0.906273	0.515311
0.906273	0.515789
0.906326	0.515789
0.906326	0.516268
0.906486	0.516268
0.906486	0.516746
0.906699	0.516746
0.906699	0.517703
0.906911	0.517703
0.906911	0.518182
0.907018	0.518182
0.907018	0.518660
0.907230	0.518660
0.907230	0.520096
0.907443	0.520096
0.907443	0.520574
0.907709	0.520574
0.907709	0.521053
0.907868	0.521053
0.907868	0.521531
0.907921	0.521531
0.907921	0.522010
0.908293	0.522010
0.908293	0.522488
0.908400	0.522488
0.908400	0.522967
0.908825	0.522967
0.908825	0.523445
0.908878	0.523445
0.908878	0.523923
0.909038	0.523923
0.909091	0.524402
0.909304	0.524402
0.909304	0.524880
0.909463	0.524880
0.909463	0.525359
0.909569	0.525359
0.909569	0.525837
0.910260	0.525837
0.910260	0.526316
0.910367	0.526316
0.910367	0.527273
0.910526	0.527273
0.910526	0.527751
0.910579	0.527751
0.910579	0.528708
0.910739	0.528708
0.910739	0.529187
0.911005	0.529187
0.911005	0.530144
0.911058	0.530144
0.911164	0.530144
0.911164	0.531100
0.911377	0.531100
0.911377	0.531579
0.911749	0.531579
0.911749	0.532536
0.911962	0.532536
0.911962	0.533014
0.913025	0.533014
0.913025	0.533493
0.913344	0.533493
0.913344	0.534450
0.913503	0.534450
0.913503	0.535407
0.913929	0.535407
0.913929	0.536842
0.913982	0.536842
0.913982	0.537799
0.914035	0.537799
0.914035	0.538278
0.914248	0.538278
0.914248	0.538756
0.914460	0.538756
0.914460	0.539234
0.914514	0.539234
0.914514	0.539713
0.914620	0.539713
0.914620	0.540670
0.914886	0.540670
0.914886	0.541148
0.915045	0.541148
0.915045	0.541627
0.915205	0.541627
0.915205	0.542105
0.915524	0.542105
0.915524	0.542584
0.915630	0.542584
0.915630	0.543062
0.915789	0.543062
0.915789	0.543541
0.915843	0.543541
0.915843	0.544019
0.916215	0.544019
0.916215	0.544976
0.916321	0.544976
0.916321	0.546890
0.916427	0.546890
0.916427	0.547368
0.916587	0.547368
0.916587	0.547847
0.916746	0.547847
0.916746	0.548325
0.916959	0.548325
0.917012	0.548804
0.917012	0.549282
0.917119	0.549282
0.917119	0.549761
0.917278	0.549761
0.917278	0.550239
0.917331	0.550239
0.917331	0.551196
0.917597	0.551196
0.917597	0.551675
0.917650	0.551675
0.917650	0.552632
0.917703	0.552632
0.917703	0.553110
0.918182	0.553110
0.918288	0.553110
0.918767	0.553110
0.918873	0.553110
0.918873	0.553589
0.919351	0.553589
0.919351	0.554067
0.919405	0.554067
0.919405	0.554545
0.919724	0.554545
0.919724	0.555024
0.919830	0.555024
0.919830	0.555502
0.919989	0.555502
0.919989	0.555981
0.920096	0.555981
0.920096	0.556459
0.920362	0.556459
0.920362	0.556938
0.920468	0.556938
0.920468	0.557416
0.920574	0.557416
0.920574	0.557895
0.920680	0.557895
0.920680	0.558373
0.920787	0.558373
0.920787	0.558852
0.920840	0.558852
0.920840	0.559330
0.921478	0.559330
0.921478	0.559809
0.921637	0.559809
0.921637	0.560287
0.921956	0.560287
0.921956	0.561244
0.922010	0.561244
0.922010	0.561722
0.922116	0.561722
0.922116	0.562201
0.922329	0.562201
0.922329	0.562679
0.922541	0.562679
0.922541	0.563158
0.922648	0.563158
0.922648	0.563636
0.922754	0.563636
0.922754	0.564115
0.923551	0.564115
0.923551	0.564593
0.923604	0.564593
0.923604	0.565072
0.923764	0.565072
0.923764	0.565550
0.924189	0.565550
0.924189	0.566029
0.924402	0.566029
0.924402	0.566507
0.924508	0.566507
0.924508	0.566986
0.924615	0.566986
0.924615	0.567943
0.924721	0.567943
0.924721	0.568421
0.924987	0.568421
0.924987	0.568900
0.925306	0.568900
0.925306	0.569856
0.925465	0.569856
0.925465	0.570335
0.925678	0.570335
0.925678	0.571292
0.925731	0.571292
0.925731	0.571770
0.925890	0.571770
0.925890	0.572249
0.926209	0.572249
0.926209	0.573206
0.926263	0.573206
0.926263	0.573684
0.926741	0.573684
0.926741	0.574641
0.926794	0.574641
0.926794	0.575120
0.926901	0.575120
0.926954	0.575120
0.926954	0.575598
0.927166	0.575598
0.927166	0.576077
0.927379	0.576077
0.927379	0.577033
0.927485	0.577033
0.927485	0.577990
0.927539	0.577990
0.927539	0.578469
0.927698	0.578469
0.927698	0.578947
0.928070	0.578947
0.928070	0.579426
0.928230	0.579426
0.928230	0.580383
0.928283	0.580383
0.928283	0.580861
0.928336	0.580861
0.928336	0.581340
0.928442	0.581340
0.928442	0.581818
0.928708	0.581818
0.928708	0.582297
0.928761	0.582297
0.928761	0.582775
0.928814	0.582775
0.928814	0.583254
0.928974	0.583254
0.928974	0.584689
0.929133	0.584689
0.929133	0.585646
0.929293	0.585646
0.929293	0.586603
0.929506	0.586603
0.929506	0.587081
0.931845	0.587081
0.931845	0.587560
0.932376	0.587560
0.932376	0.588038
0.932536	0.588038
0.932536	0.588517
0.932695	0.588517
0.932695	0.588995
0.932802	0.588995
0.932802	0.589474
0.932961	0.589474
0.932961	0.590431
0.933014	0.590431
0.933014	0.591388
0.933121	0.591388
0.933121	0.591866
0.933174	0.591866
0.933174	0.592344
0.933227	0.592344
0.933227	0.592823
0.933333	0.592823
0.933333	0.593301
0.933812	0.593301
0.933812	0.593780
0.933865	0.593780
0.933865	0.594258
0.933971	0.594258
0.933971	0.594737
0.934237	0.594737
0.934237	0.595215
0.934290	0.595215
0.934290	0.595694
0.934343	0.595694
0.934343	0.596172
0.934822	0.596172
0.934822	0.596651
0.935035	0.596651
0.935035	0.597129
0.935247	0.597129
0.935247	0.597608
0.935354	0.597608
0.935354	0.598565
0.935407	0.598565
0.935407	0.599043
0.936098	0.599043
0.936098	0.600000
0.936576	0.600000
0.936576	0.600478
0.936736	0.600478
0.936736	0.601435
0.936789	0.601435
0.936789	0.601914
0.936895	0.601914
0.936895	0.602392
0.937161	0.602392
0.937161	0.603828
0.937799	0.603828
0.937905	0.603828
0.938224	0.603828
0.938224	0.604785
0.938278	0.604785
0.938278	0.605263
0.938331	0.605263
0.938331	0.605742
0.938490	0.605742
0.938490	0.606220
0.938650	0.606220
0.938650	0.607177
0.938756	0.607177
0.938756	0.608134
0.938809	0.608134
0.938809	0.608612
0.938915	0.608612
0.938915	0.609569
0.938969	0.609569
0.938969	0.610048
0.939075	0.610048
0.939075	0.611483
0.939394	0.611483
0.939394	0.611962
0.939553	0.611962
0.939553	0.612919
0.940138	0.612919
0.940138	0.613397
0.940191	0.613397
0.940191	0.613876
0.940245	0.613876
0.940245	0.614354
0.940510	0.614354
0.940510	0.614833
0.940989	0.614833
0.940989	0.615789
0.941520	0.615789
0.941520	0.616268
0.941627	0.616268
0.941627	0.616746
0.941680	0.616746
0.941680	0.617225
0.941786	0.617225
0.941786	0.617703
0.941839	0.617703
0.941839	0.618182
0.942052	0.618182
0.942052	0.618660
0.942318	0.618660
0.942318	0.619139
0.942477	0.619139
0.942477	0.619617
0.942690	0.619617
0.942690	0.620096
0.942956	0.620096
0.942956	0.621053
0.943222	0.621053
0.943222	0.621531
0.943328	0.621531
0.943328	0.622488
0.943381	0.622488
0.943381	0.623923
0.943541	0.623923
0.943541	0.624402
0.943594	0.624402
0.943594	0.625837
0.944285	0.625837
0.944285	0.626316
0.944338	0.626316
0.944338	0.626794
0.944444	0.626794
0.944444	0.627751
0.944604	0.627751
0.944604	0.628230
0.944976	0.628230
0.944976	0.628708
0.945348	0.628708
0.945348	0.629187
0.945455	0.629187
0.945455	0.629665
0.946199	0.629665
0.946252	0.630144
0.946518	0.630144
0.946518	0.631100
0.946624	0.631100
0.946624	0.631579
0.947209	0.631579
0.947209	0.632057
0.947741	0.632057
0.947741	0.632536
0.947794	0.632536
0.947794	0.633014
0.947847	0.633014
0.947847	0.633971
0.948006	0.633971
0.948006	0.634928
0.948060	0.634928
0.948060	0.635407
0.948325	0.635407
0.948325	0.635885
0.948698	0.635885
0.948698	0.636364
0.948857	0.636364
0.948857	0.636842
0.948910	0.636842
0.948910	0.637799
0.949282	0.637799
0.949282	0.639234
0.949601	0.639234
0.949601	0.640191
0.949708	0.640191
0.949708	0.640670
0.949920	0.640670
0.949920	0.641148
0.950080	0.641148
0.950080	0.642105
0.950558	0.642105
0.950558	0.643541
0.950611	0.643541
0.950611	0.644019
0.950665	0.644019
0.950665	0.644498
0.950824	0.644498
0.950824	0.646411
0.951143	0.646411
0.951143	0.646890
0.951249	0.646890
0.951249	0.647847
0.951302	0.647847
0.951302	0.649282
0.951568	0.649282
0.951568	0.649761
0.951675	0.649761
0.951675	0.650239
0.951728	0.650239
0.951728	0.650718
0.952047	0.650718
0.952047	0.651675
0.952206	0.651675
0.952206	0.652153
0.952419	0.652153
0.952419	0.652632
0.952472	0.652632
0.952472	0.653589
0.953004	0.653589
0.953004	0.654067
0.953429	0.654067
0.953429	0.654545
0.953642	0.654545
0.953642	0.655024
0.953695	0.655024
0.953695	0.655502
0.954226	0.655502
0.954226	0.655981
0.954386	0.655981
0.954386	0.657416
0.954492	0.657416
0.954492	0.657895
0.954545	0.657895
0.954545	0.658373
0.955183	0.658373
0.955183	0.658852
0.955237	0.658852
0.955237	0.659330
0.955343	0.659330
0.955343	0.659809
0.955715	0.659809
0.955715	0.660287
0.955821	0.660287
0.955821	0.660766
0.955981	0.660766
0.955981	0.661244
0.956087	0.661244
0.956087	0.661722
0.956194	0.661722
0.956194	0.662679
0.956247	0.662679
0.956247	0.663636
0.956353	0.663636
0.956353	0.664593
0.956459	0.664593
0.956459	0.665072
0.956566	0.665072
0.956566	0.666507
0.956672	0.666507
0.956672	0.666986
0.956831	0.666986
0.956831	0.667943
0.956885	0.667943
0.956885	0.668421
0.957416	0.668421
0.957416	0.670335
0.957523	0.670335
0.957523	0.670813
0.957576	0.670813
0.957576	0.671292
0.957682	0.671292
0.957682	0.671770
0.957735	0.671770
0.957735	0.673206
0.957788	0.673206
0.957788	0.674641
0.957895	0.674641
0.957895	0.676555
0.957948	0.676555
0.957948	0.677033
0.958054	0.677033
0.958054	0.677990
0.958267	0.677990
0.958267	0.678469
0.958320	0.678469
0.958320	0.679426
0.958373	0.679426
0.958373	0.679904
0.958426	0.679904
0.958426	0.680383
0.958639	0.680383
0.958692	0.680861
0.958692	0.681340
0.958745	0.681340
0.958745	0.681818
0.958852	0.681818
0.958852	0.682775
0.958905	0.682775
0.958905	0.683254
0.959171	0.683254
0.959171	0.683732
0.959224	0.683732
0.959224	0.684689
0.959330	0.684689
0.959330	0.685167
0.959383	0.685167
0.959383	0.686603
0.959436	0.686603
0.959436	0.687560
0.959490	0.687560
0.959490	0.688517
0.959702	0.688517
0.959702	0.688995
0.959755	0.688995
0.959755	0.689474
0.959915	0.689474
0.959915	0.689952
0.959968	0.689952
0.959968	0.691388
0.960074	0.691388
0.960074	0.692823
0.960128	0.692823
0.960128	0.693301
0.960181	0.693301
0.960181	0.693780
0.960234	0.693780
0.960234	0.694258
0.960287	0.694258
0.960287	0.694737
0.960340	0.694737
0.960340	0.695694
0.960447	0.695694
0.960447	0.696172
0.960553	0.696172
0.960553	0.696651
0.961031	0.696651
0.961031	0.697129
0.961138	0.697129
0.961138	0.698086
0.961669	0.698086
0.961669	0.698565
0.961882	0.698565
0.961882	0.699043
0.962148	0.699043
0.962148	0.700000
0.962520	0.700000
0.962520	0.700478
0.962573	0.700478
0.962573	0.701435
0.962679	0.701435
0.962679	0.701914
0.962839	0.701914
0.962839	0.702871
0.962945	0.702871
0.962945	0.703349
0.963052	0.703349
0.963052	0.703828
0.963317	0.703828
0.963317	0.704306
0.964327	0.704306
0.964327	0.704785
0.964434	0.704785
0.964434	0.705263
0.964540	0.705263
0.964540	0.705742
0.964646	0.705742
0.964646	0.706220
0.965072	0.706220
0.965072	0.706699
0.965284	0.706699
0.965284	0.707177
0.965338	0.707177
0.965338	0.708612
0.965710	0.708612
0.965710	0.709569
0.965763	0.709569
0.965763	0.710048
0.966029	0.710048
0.966029	0.710526
0.966135	0.710526
0.966135	0.711962
0.966188	0.711962
0.966188	0.715311
0.966454	0.715311
0.966454	0.715789
0.966507	0.715789
0.966507	0.716268
0.966720	0.716268
0.966720	0.717703
0.966826	0.717703
0.966826	0.718182
0.967358	0.718182
0.967358	0.719139
0.967358	0.720096
0.967464	0.720096
0.967464	0.721053
0.967517	0.721053
0.967517	0.721531
0.967624	0.721531
0.967624	0.722488
0.967730	0.722488
0.967730	0.722967
0.967889	0.722967
0.967889	0.723445
0.968208	0.723445
0.968208	0.723923
0.968262	0.723923
0.968262	0.724402
0.968315	0.724402
0.968315	0.724880
0.968368	0.724880
0.968368	0.725359
0.968687	0.725359
0.968687	0.725837
0.969059	0.725837
0.969059	0.726316
0.969112	0.726316
0.969112	0.727273
0.969272	0.727273
0.969272	0.729187
0.969484	0.729187
0.969484	0.729665
0.969750	0.729665
0.969750	0.730144
0.969963	0.730144
0.970016	0.730622
0.970229	0.730622
0.970229	0.731579
0.970229	0.732536
0.970229	0.733014
0.970760	0.733014
0.970760	0.733971
0.970813	0.733971
0.970813	0.734450
0.970867	0.734450
0.970867	0.734928
0.971398	0.734928
0.971398	0.736842
0.971451	0.736842
0.971451	0.737321
0.971770	0.737321
0.971770	0.738278
0.971823	0.738278
0.971823	0.739234
0.972302	0.739234
0.972302	0.739713
0.972408	0.739713
0.972408	0.740670
0.972461	0.740670
0.972461	0.741148
0.972515	0.741148
0.972515	0.741627
0.972568	0.741627
0.972568	0.743062
0.972621	0.743062
0.972621	0.744019
0.972780	0.744019
0.972780	0.744498
0.973153	0.744498
0.973153	0.744976
0.973206	0.744976
0.973206	0.745455
0.973259	0.745455
0.973259	0.747847
0.973312	0.747847
0.973312	0.748325
0.973684	0.748325
0.973684	0.748804
0.973791	0.748804
0.973791	0.749282
0.974216	0.749282
0.974216	0.749761
0.974482	0.749761
0.974482	0.750718
0.974588	0.750718
0.974588	0.752153
0.974641	0.752153
0.974641	0.752632
0.974694	0.752632
0.974694	0.753110
0.974960	0.753110
0.974960	0.753589
0.975066	0.753589
0.975066	0.754067
0.975332	0.754067
0.975332	0.755502
0.975598	0.755502
0.975598	0.756459
0.975758	0.756459
0.975758	0.756938
0.975811	0.756938
0.975811	0.757895
0.976023	0.757895
0.976023	0.758852
0.976289	0.758852
0.976289	0.761244
0.976342	0.761244
0.976342	0.761722
0.976396	0.761722
0.976396	0.762201
0.976821	0.762201
0.976821	0.762679
0.976874	0.762679
0.976874	0.763636
0.977140	0.763636
0.977140	0.764593
0.977299	0.764593
0.977299	0.765072
0.977352	0.765072
0.977352	0.765550
0.977459	0.765550
0.977459	0.766029
0.977565	0.766029
0.977565	0.766986
0.977725	0.766986
0.977725	0.767943
0.977831	0.767943
0.977831	0.768421
0.977937	0.768421
0.977937	0.768900
0.977990	0.768900
0.977990	0.769378
0.978044	0.769378
0.978044	0.769856
0.978150	0.769856
0.978150	0.771770
0.978203	0.771770
0.978203	0.772727
0.978256	0.772727
0.978256	0.773206
0.978309	0.773206
0.978309	0.774641
0.978416	0.774641
0.978416	0.775120
0.978469	0.775120
0.978469	0.775598
0.978735	0.775598
0.978735	0.776555
0.978788	0.776555
0.978788	0.777033
0.979160	0.777033
0.979160	0.777512
0.979266	0.777512
0.979266	0.778947
0.979373	0.778947
0.979373	0.779426
0.979638	0.779426
0.979638	0.779904
0.979745	0.779904
0.979745	0.780383
0.979904	0.780383
0.979904	0.780861
0.980011	0.780861
0.980011	0.781818
0.980064	0.781818
0.980064	0.784211
0.980170	0.784211
0.980223	0.784211
0.980223	0.786124
0.980276	0.786124
0.980276	0.787081
0.980489	0.787081
0.980489	0.787560
0.980595	0.787560
0.980595	0.788038
0.980861	0.788038
0.980861	0.789474
0.980968	0.789474
0.980968	0.790431
0.981021	0.790431
0.981021	0.790909
0.981074	0.790909
0.981074	0.791866
0.981127	0.791866
0.981127	0.792344
0.981180	0.792344
0.981180	0.793301
0.981287	0.793301
0.981287	0.793780
0.981340	0.793780
0.981340	0.794737
0.981552	0.794737
0.981552	0.795215
0.981606	0.795215
0.981606	0.795694
0.981659	0.795694
0.981659	0.796651
0.981765	0.796651
0.981765	0.797608
0.981871	0.797608
0.981871	0.798086
0.981978	0.798086
0.981978	0.798565
0.982137	0.798565
0.982137	0.799043
0.982190	0.799043
0.982190	0.799522
0.982509	0.799522
0.982509	0.800000
0.982562	0.800000
0.982562	0.801435
0.982669	0.801435
0.982669	0.801914
0.982828	0.801914
0.982828	0.802871
0.982935	0.802871
0.982935	0.803828
0.982988	0.803828
0.982988	0.804785
0.983041	0.804785
0.983041	0.805263
0.983094	0.805263
0.983094	0.806220
0.983200	0.806220
0.983200	0.807177
0.983307	0.807177
0.983307	0.808134
0.983413	0.808134
0.983413	0.810048
0.983573	0.810048
0.983573	0.810526
0.983626	0.810526
0.983626	0.811005
0.983679	0.811005
0.983679	0.811962
0.983785	0.811962
0.983785	0.812440
0.983945	0.812440
0.983945	0.812919
0.984370	0.812919
0.984370	0.813397
0.984423	0.813397
0.984423	0.813876
0.984583	0.813876
0.984583	0.814354
0.984636	0.814354
0.984636	0.815311
0.984848	0.815311
0.984848	0.816268
0.984902	0.816268
0.984902	0.816746
0.985061	0.816746
0.985061	0.817225
0.985486	0.817225
0.985486	0.817703
0.985540	0.817703
0.985540	0.819139
0.985752	0.819139
0.985752	0.820096
0.985912	0.820096
0.985912	0.820574
0.986018	0.820574
0.986018	0.821053
0.986124	0.821053
0.986124	0.821531
0.986284	0.821531
0.986284	0.822488
0.986443	0.822488
0.986443	0.822967
0.986497	0.822967
0.986497	0.823445
0.986656	0.823445
0.986656	0.823923
0.986709	0.823923
0.986709	0.824880
0.986762	0.824880
0.986762	0.825359
0.986869	0.825359
0.986869	0.828230
0.986922	0.828230
0.986922	0.828708
0.987188	0.828708
0.987188	0.829187
0.987453	0.829187
0.987453	0.832057
0.987560	0.832057
0.987560	0.833493
0.987613	0.833493
0.987613	0.833971
0.987719	0.833971
0.987719	0.834928
0.987826	0.834928
0.987826	0.835407
0.987879	0.835407
0.987879	0.838756
0.987985	0.838756
0.987985	0.839234
0.988038	0.839234
0.988038	0.839713
0.988091	0.839713
0.988091	0.840670
0.988145	0.840670
0.988145	0.841148
0.988198	0.841148
0.988198	0.842105
0.988251	0.842105
0.988251	0.843062
0.988304	0.843062
0.988304	0.844498
0.988410	0.844498
0.988410	0.845455
0.988517	0.845455
0.988517	0.846890
0.988676	0.846890
0.988676	0.847847
0.988729	0.847847
0.988729	0.848804
0.988783	0.848804
0.988783	0.849282
0.988942	0.849282
0.988942	0.849761
0.989102	0.849761
0.989102	0.850718
0.989261	0.850718
0.989261	0.851675
0.989527	0.851675
0.989527	0.852632
0.989580	0.852632
0.989580	0.853589
0.989633	0.853589
0.989633	0.854067
0.989740	0.854067
0.989740	0.854545
0.989846	0.854545
0.989846	0.856459
0.989899	0.856459
0.989899	0.857416
0.989952	0.857416
0.989952	0.858373
0.990005	0.858373
0.990005	0.859809
0.990058	0.859809
0.990058	0.860766
0.990112	0.860766
0.990112	0.862201
0.990271	0.862201
0.990271	0.863636
0.990377	0.863636
0.990377	0.864115
0.990431	0.864115
0.990431	0.864593
0.990537	0.864593
0.990537	0.865072
0.990750	0.865072
0.990750	0.865550
0.990803	0.865550
0.990803	0.866029
0.990856	0.866029
0.990856	0.867464
0.990909	0.867464
0.990909	0.867943
0.990962	0.867943
0.990962	0.868421
0.991069	0.868421
0.991069	0.868900
0.991175	0.868900
0.991175	0.869378
0.991281	0.869378
0.991281	0.870335
0.991334	0.870335
0.991334	0.870813
0.991441	0.870813
0.991441	0.871770
0.991441	0.872727
0.991494	0.872727
0.991494	0.873206
0.991547	0.873206
0.991547	0.873684
0.991653	0.873684
0.991653	0.875120
0.991707	0.875120
0.991707	0.875598
0.991760	0.875598
0.991760	0.876555
0.991866	0.876555
0.991866	0.877990
0.992132	0.877990
0.992132	0.878469
0.992291	0.878469
0.992291	0.878947
0.992398	0.878947
0.992398	0.879426
0.992451	0.879426
0.992451	0.879904
0.992504	0.879904
0.992504	0.881340
0.992557	0.881340
0.992557	0.881818
0.992663	0.881818
0.992663	0.882297
0.992770	0.882297
0.992770	0.882775
0.993195	0.882775
0.993195	0.883254
0.993248	0.883254
0.993248	0.884211
0.993301	0.884211
0.993301	0.886603
0.993567	0.886603
0.993567	0.888038
0.993620	0.888038
0.993620	0.888995
0.993674	0.888995
0.993674	0.891388
0.993780	0.891388
0.993780	0.891866
0.993833	0.891866
0.993833	0.893301
0.994046	0.893301
0.994046	0.894258
0.994099	0.894258
0.994099	0.896172
0.994099	0.897129
0.994152	0.897129
0.994152	0.898086
0.994258	0.898086
0.994258	0.898565
0.994312	0.898565
0.994312	0.900957
0.994471	0.900957
0.994471	0.901435
0.994631	0.901435
0.994631	0.903828
0.994684	0.903828
0.994684	0.904306
0.994737	0.904306
0.994737	0.904785
0.994790	0.904785
0.994790	0.906220
0.995109	0.906220
0.995109	0.907177
0.995215	0.907177
0.995215	0.908612
0.995268	0.908612
0.995268	0.909569
0.995322	0.909569
0.995322	0.910048
0.995375	0.910048
0.995375	0.911962
0.995534	0.911962
0.995534	0.912919
0.995587	0.912919
0.995587	0.913397
0.995694	0.913397
0.995694	0.914833
0.995747	0.914833
0.995747	0.915789
0.995800	0.915789
0.995800	0.917225
0.995853	0.917225
0.995853	0.917703
0.995960	0.917703
0.995960	0.918660
0.996013	0.918660
0.996013	0.919139
0.996066	0.919139
0.996066	0.920096
0.996172	0.920096
0.996172	0.920574
0.996385	0.920574
0.996385	0.922967
0.996438	0.922967
0.996438	0.924402
0.996491	0.924402
0.996491	0.925359
0.996598	0.925359
0.996598	0.926794
0.996651	0.926794
0.996651	0.927273
0.996704	0.927273
0.996704	0.929665
0.996757	0.929665
0.996757	0.930622
0.996810	0.930622
0.996810	0.931579
0.996863	0.931579
0.996863	0.932057
0.997023	0.932057
0.997023	0.932536
0.997076	0.932536
0.997076	0.937321
0.997129	0.937321
0.997129	0.938756
0.997182	0.938756
0.997182	0.940670
0.997342	0.940670
0.997342	0.941627
0.997395	0.941627
0.997395	0.942105
0.997554	0.942105
0.997554	0.945455
0.997608	0.945455
0.997608	0.945933
0.997714	0.945933
0.997714	0.949282
0.997767	0.949282
0.997767	0.950239
0.997873	0.950239
0.997873	0.951196
0.997927	0.951196
0.997927	0.954067
0.997980	0.954067
0.997980	0.957416
0.998086	0.957416
0.998086	0.957895
0.998139	0.957895
0.998139	0.959330
0.998192	0.959330
0.998192	0.960766
0.998246	0.960766
0.998246	0.961244
0.998405	0.961244
0.998405	0.961722
0.998458	0.961722
0.998458	0.962201
0.998511	0.962201
0.998511	0.962679
0.998565	0.962679
0.998565	0.963636
0.998618	0.963636
0.998618	0.965550
0.998671	0.965550
0.998671	0.968900
0.998777	0.968900
0.998777	0.969856
0.998830	0.969856
0.998830	0.970813
0.998884	0.970813
0.998884	0.971770
0.998937	0.971770
0.998937	0.973206
0.999043	0.973206
0.999043	0.975120
0.999096	0.975120
0.999096	0.977033
0.999149	0.977033
0.999149	0.977990
0.999203	0.977990
0.999203	0.978947
0.999256	0.978947
0.999256	0.980861
0.999309	0.980861
0.999309	0.988517
0.999362	0.988517
0.999362	0.988995
0.999415	0.988995
0.999415	0.989474
0.999468	0.989474
0.999468	0.990431
0.999522	0.990431
0.999522	0.990909
0.999575	0.990909
0.999575	0.993301
0.999628	0.993301
0.999628	0.994258
0.999734	0.994258
0.999734	0.995694
0.999787	0.995694
0.999787	0.996172
0.999894	0.996172
0.999894	0.997129
1.000000	0.997129
1.000000	1.000000
