test_0x5C6E282CC355929C16694B29A655EB1538C6ECD1DBB3D65BC54D67DA3BDBD6FC_1xKVYO4AOVJN_00000100000	true_label: [0.0, 0.0, 0.0, 0.0, 1.0, 0.0, 0.0, 0.0, 0.0, 0.0]	Percent_Selected: 0.000000	0.000000	0.000000	0.000000	0.000000	0.000000	0.250000	0.000000	0.000000	0.750000	Average_Probability: 0.040078	0.414721	0.109517	0.349499	0.041872	0.379728	0.419569	0.249134	0.068117	0.600110	tiles#: 4.000000	
test_0x118694FA9D4976B8EC83D898525411B375D72FDD6AECA9A5F8685574F3F8C96F_1xEDGFGB5Y5X_00000100000	true_label: [0.0, 0.0, 0.0, 0.0, 1.0, 0.0, 0.0, 0.0, 0.0, 0.0]	Percent_Selected: 0.000000	0.000000	0.000000	0.000000	0.000000	0.200000	0.200000	0.000000	0.000000	0.600000	Average_Probability: 0.158091	0.175214	0.269785	0.117343	0.022644	0.240018	0.303862	0.144140	0.131533	0.587321	tiles#: 5.000000	
test_0x5C6E282CC355929C16694B29A655EB1538C6ECD1DBB3D65BC54D67DA3BDBD6FC_1x927MZXKLXT_00000100000	true_label: [0.0, 0.0, 0.0, 0.0, 1.0, 0.0, 0.0, 0.0, 0.0, 0.0]	Percent_Selected: 0.200000	0.000000	0.000000	0.200000	0.000000	0.000000	0.000000	0.000000	0.000000	0.600000	Average_Probability: 0.392032	0.019526	0.144162	0.192714	0.166860	0.095533	0.033040	0.019486	0.239984	0.616888	tiles#: 5.000000	
test_0x9DC5E3EA954B783C07B3048FACA689BCE603D5A3367A40C501F1F9CE4D1873E3_1x8JDFE91W46_00000100000	true_label: [0.0, 0.0, 0.0, 0.0, 1.0, 0.0, 0.0, 0.0, 0.0, 0.0]	Percent_Selected: 0.000000	0.012835	0.046674	0.316219	0.001167	0.414236	0.031505	0.001167	0.004667	0.171529	Average_Probability: 0.023254	0.288384	0.249804	0.300447	0.081251	0.564416	0.158674	0.112298	0.139054	0.286547	tiles#: 857.000000	
test_0xC1CDBC7BDDC90A8343770A68E23FA3961EBD8DCC86C4CC5CC32A433E5B6EBCDC_1xUO6GL5F1H2_00000100000	true_label: [0.0, 0.0, 0.0, 0.0, 1.0, 0.0, 0.0, 0.0, 0.0, 0.0]	Percent_Selected: 0.005405	0.005405	0.043243	0.162162	0.000000	0.308108	0.005405	0.000000	0.086486	0.383784	Average_Probability: 0.094967	0.186056	0.212893	0.281018	0.102198	0.436437	0.115947	0.082223	0.251525	0.382438	tiles#: 185.000000	
test_0x7976FBF66521CB67119BE9487FC44BC373F952EF133D296FACE1DC300DBE995A_1x9NLXFW4ZIB_00000100000	true_label: [0.0, 0.0, 0.0, 0.0, 1.0, 0.0, 0.0, 0.0, 0.0, 0.0]	Percent_Selected: 0.000000	0.000000	0.000000	0.000000	0.029412	0.000000	0.235294	0.000000	0.323529	0.411765	Average_Probability: 0.118878	0.039549	0.115643	0.024051	0.046458	0.075746	0.307835	0.017595	0.314307	0.318930	tiles#: 34.000000	
test_0x118694FA9D4976B8EC83D898525411B375D72FDD6AECA9A5F8685574F3F8C96F_1xXGOEWKVE4Y_00000100000	true_label: [0.0, 0.0, 0.0, 0.0, 1.0, 0.0, 0.0, 0.0, 0.0, 0.0]	Percent_Selected: 0.067797	0.016949	0.101695	0.000000	0.000000	0.033898	0.000000	0.000000	0.152542	0.627119	Average_Probability: 0.097943	0.117799	0.325965	0.106782	0.105310	0.179392	0.075596	0.047564	0.235771	0.550192	tiles#: 59.000000	
test_0xB664D82E10CF54800A5CF793934A770C6317096901338BC777BF5B40F1A16ECC_1xEU2CN9298U_00000100000	true_label: [0.0, 0.0, 0.0, 0.0, 1.0, 0.0, 0.0, 0.0, 0.0, 0.0]	Percent_Selected: 0.000000	0.000000	0.000000	0.000000	0.000000	0.000000	0.000000	0.000000	0.000000	1.000000	Average_Probability: 0.387593	0.022245	0.177573	0.011279	0.125924	0.026965	0.035585	0.005788	0.079582	0.817895	tiles#: 3.000000	
test_0xEE1C114198E7B605094F1F2D297F3854C80497BB1D76FE55834A7A37A8F077AE_1x8GVBEL2NHS_00000100000	true_label: [0.0, 0.0, 0.0, 0.0, 1.0, 0.0, 0.0, 0.0, 0.0, 0.0]	Percent_Selected: 0.000000	0.034483	0.344828	0.000000	0.000000	0.000000	0.000000	0.000000	0.137931	0.482759	Average_Probability: 0.111875	0.132475	0.440888	0.055343	0.004546	0.097343	0.095341	0.035698	0.146924	0.458337	tiles#: 29.000000	
test_0x6E1A31CED881C2D209F5EFA1CCD24C679C8D87B65D78BFBD20450A1A13F1D114_1xJ9WPJ4R57P_00000100000	true_label: [0.0, 0.0, 0.0, 0.0, 1.0, 0.0, 0.0, 0.0, 0.0, 0.0]	Percent_Selected: 0.555556	0.000000	0.000000	0.000000	0.000000	0.000000	0.000000	0.000000	0.222222	0.222222	Average_Probability: 0.492043	0.017059	0.083334	0.009015	0.020216	0.005150	0.061493	0.005249	0.336790	0.430202	tiles#: 9.000000	
test_0xC89A67A482B75FBB6450BD1F88B6A8C9BE359107B7F5415D4936DD99D218FCF5_1xTQLSPVMOJL_00000100000	true_label: [0.0, 0.0, 0.0, 0.0, 1.0, 0.0, 0.0, 0.0, 0.0, 0.0]	Percent_Selected: 0.023392	0.102924	0.147368	0.001170	0.000000	0.007018	0.301754	0.000000	0.037427	0.378947	Average_Probability: 0.111055	0.142384	0.411825	0.025625	0.016829	0.051169	0.513242	0.237401	0.088993	0.552229	tiles#: 855.000000	
test_0x2B6CB0721204AEDB712210A71045A99DD1910741CB5CDA82E7F70838D6848443_1xPDP7E38082_00000100000	true_label: [0.0, 0.0, 0.0, 0.0, 1.0, 0.0, 0.0, 0.0, 0.0, 0.0]	Percent_Selected: 0.288889	0.022222	0.066667	0.155556	0.000000	0.133333	0.066667	0.000000	0.000000	0.266667	Average_Probability: 0.301621	0.077835	0.233090	0.218803	0.020371	0.316044	0.167550	0.050714	0.057014	0.408593	tiles#: 45.000000	
